1.000000000 0.000000000 0.000000000 0.000000000 0.000000000 1.000000000 0.000000000 0.000000000 0.000000000 0.000000000 1.000000000 0.000000000
0.999996662 -0.002214603 -0.001353069 -0.005841825 0.002218500 0.999993384 0.002884826 -0.015407939 0.001346671 -0.002887818 0.999994934 1.525064111
0.999991953 -0.002892286 -0.002789416 -0.013562047 0.002902621 0.999988914 0.003708192 -0.032338779 0.002778660 -0.003716259 0.999989212 3.048335314
0.999990046 -0.001714891 -0.004115331 -0.028941495 0.001728460 0.999993086 0.003295821 -0.044107720 0.004109650 -0.003302902 0.999986112 4.563625813
0.999983251 -0.001018993 -0.005701352 -0.047443431 0.001036955 0.999994516 0.003148369 -0.059963081 0.005698113 -0.003154228 0.999978781 6.060954571
0.999974787 -0.000970508 -0.007033533 -0.071683228 0.000993807 0.999994040 0.003309804 -0.072379962 0.007030279 -0.003316710 0.999969780 7.562494278
0.999959886 -0.001528288 -0.008827465 -0.084090069 0.001562777 0.999991179 0.003901490 -0.092189535 0.008821424 -0.003915128 0.999953449 9.051515579
0.999941945 -0.003159839 -0.010299996 -0.111162819 0.003191560 0.999990225 0.003064671 -0.105556257 0.010290212 -0.003097366 0.999942243 10.544618607
0.999917865 -0.004639674 -0.011949028 -0.121979415 0.004679171 0.999983668 0.003279591 -0.120472446 0.011933617 -0.003335233 0.999923229 12.045135498
0.999901175 -0.004186586 -0.013422571 -0.146029338 0.004230844 0.999985695 0.003270577 -0.138657019 0.013408687 -0.003327043 0.999904573 13.542057037
0.999891937 -0.003594883 -0.014253447 -0.174200982 0.003643140 0.999987721 0.003361093 -0.156530753 0.014241189 -0.003412658 0.999892771 15.015938759
0.999887586 -0.001626505 -0.014906416 -0.209449813 0.001685527 0.999990761 0.003947748 -0.169836059 0.014899857 -0.003972429 0.999881089 16.496850967
0.999878705 -0.000556053 -0.015565166 -0.225316361 0.000625113 0.999989986 0.004432332 -0.183266044 0.015562546 -0.004441524 0.999869049 18.004432678
0.999863505 0.000607422 -0.016511803 -0.258708149 -0.000515642 0.999984384 0.005562158 -0.197749406 0.016514923 -0.005552885 0.999848187 19.479516983
0.999858081 -0.000639214 -0.016836355 -0.282007962 0.000731064 0.999984860 0.005449840 -0.212120786 0.016832616 -0.005461375 0.999843419 20.936481476
0.999848008 0.000496188 -0.017427364 -0.314413399 -0.000403052 0.999985635 0.005347327 -0.220792472 0.017429767 -0.005339490 0.999833822 22.400754929
0.999845266 0.000928179 -0.017567143 -0.334266156 -0.000824253 0.999982119 0.005922232 -0.235522315 0.017572325 -0.005906836 0.999828160 23.860918045
0.999845505 0.002072983 -0.017453399 -0.365117371 -0.001951112 0.999973595 0.006996820 -0.247141033 0.017467443 -0.006961686 0.999823213 25.307540894
0.999844670 0.002060061 -0.017504055 -0.394167304 -0.001955516 0.999980152 0.005987632 -0.264149874 0.017516043 -0.005952472 0.999828875 26.747482300
0.999839783 0.002767635 -0.017683810 -0.416853607 -0.002700207 0.999988973 0.003835742 -0.272888184 0.017694231 -0.003787377 0.999836266 28.193519592
0.999852180 0.001287492 -0.017145628 -0.452953279 -0.001224434 0.999992430 0.003687819 -0.289773643 0.017150246 -0.003666281 0.999846220 29.593631744
0.999850929 0.000525674 -0.017256934 -0.470513850 -0.000416944 0.999980032 0.006303664 -0.300470114 0.017259903 -0.006295529 0.999831200 31.054664612
0.999852836 -0.001221454 -0.017112054 -0.504175186 0.001352470 0.999969840 0.007646850 -0.316303968 0.017102199 -0.007668868 0.999824345 32.445877075
0.999852240 -0.002158555 -0.017052732 -0.520399213 0.002277017 0.999973416 0.006930396 -0.326155245 0.017037319 -0.006968202 0.999830544 33.859447479
0.999861002 -0.001934523 -0.016561193 -0.555580974 0.002019238 0.999984980 0.005100141 -0.339052618 0.016551079 -0.005132873 0.999849856 35.231807709
0.999869883 -0.001152704 -0.016088467 -0.580788732 0.001220565 0.999990404 0.004208769 -0.352350593 0.016083460 -0.004227858 0.999861717 36.591724396
0.999882996 -0.000524727 -0.015287694 -0.609530091 0.000577139 0.999993980 0.003424159 -0.370633364 0.015285805 -0.003432582 0.999877274 37.937923431
0.999899924 -0.000025042 -0.014147801 -0.630257666 0.000087390 0.999990284 0.004406298 -0.389113814 0.014147554 -0.004407093 0.999890208 39.277389526
0.999917865 0.000702199 -0.012797261 -0.654331326 -0.000620831 0.999979556 0.006361094 -0.403871179 0.012801466 -0.006352626 0.999897897 40.590797424
0.999939144 0.000216992 -0.011030864 -0.672371328 -0.000134757 0.999972224 0.007455184 -0.417775273 0.011032175 -0.007453244 0.999911368 41.896389008
0.999963760 0.000693457 -0.008482506 -0.690486968 -0.000624454 0.999966741 0.008134711 -0.432784617 0.008487863 -0.008129119 0.999930918 43.167888641
0.999985218 0.000047019 -0.005436264 -0.699400961 -0.000005436 0.999970734 0.007648837 -0.447648287 0.005436464 -0.007648694 0.999955952 44.439449310
0.999998450 -0.000555391 -0.001667529 -0.717176855 0.000564886 0.999983609 0.005699093 -0.457507819 0.001664337 -0.005700026 0.999982357 45.692123413
0.999998271 -0.000679033 0.001721272 -0.717217088 0.000672014 0.999991477 0.004074950 -0.474637687 -0.001724025 -0.004073786 0.999990225 46.933902740
0.999983907 -0.000695358 0.005627591 -0.706294239 0.000668377 0.999988258 0.004794838 -0.492501616 -0.005630859 -0.004791000 0.999972641 48.145606995
0.999935865 0.000095062 0.011324189 -0.711735070 -0.000148289 0.999988973 0.004699539 -0.506532550 -0.011323617 -0.004700917 0.999924839 49.347564697
0.999842465 0.001836477 0.017653713 -0.701524973 -0.001900537 0.999991655 0.003612607 -0.519166529 -0.017646933 -0.003645590 0.999837637 50.547019958
0.999692619 0.002565674 0.024658728 -0.660240531 -0.002657457 0.999989688 0.003690085 -0.530699968 -0.024649005 -0.003754481 0.999689102 51.765731812
0.999442458 0.003938576 0.033154294 -0.631876290 -0.004091210 0.999981344 0.004537159 -0.541106462 -0.033135805 -0.004670271 0.999439955 52.949420929
0.999038935 0.006105854 0.043404121 -0.585683048 -0.006343041 0.999965668 0.005329001 -0.558000028 -0.043370094 -0.005599193 0.999043405 54.113689423
0.998371124 0.008290924 0.056448273 -0.534693420 -0.008599846 0.999949336 0.005231935 -0.570562482 -0.056402035 -0.005708859 0.998391807 55.267993927
0.997408509 0.010434953 0.071185723 -0.461060941 -0.010871137 0.999924421 0.005742740 -0.584997654 -0.071120419 -0.006501727 0.997446537 56.405715942
0.996093094 0.012762721 0.087382108 -0.375887334 -0.013433453 0.999884605 0.007092087 -0.595428705 -0.087281510 -0.008238222 0.996149600 57.534049988
0.994386435 0.013102121 0.104995094 -0.260143846 -0.013993722 0.999871969 0.007759644 -0.603836656 -0.104879983 -0.009185356 0.994442463 58.646850586
0.992239535 0.012367174 0.123724498 -0.127580166 -0.013315031 0.999888003 0.006837063 -0.613918543 -0.123626083 -0.008431399 0.992293060 59.738643646
0.989499927 0.011716546 0.144057617 0.020895511 -0.012704320 0.999901652 0.005938798 -0.625339329 -0.143973872 -0.007706594 0.989551485 60.812335968
0.986274600 0.008938120 0.164871201 0.200077862 -0.010019165 0.999933422 0.005726430 -0.633859634 -0.164809033 -0.007299704 0.986298501 61.888847351
0.982426941 0.003912875 0.186606601 0.394505858 -0.005463698 0.999954700 0.007797079 -0.645121038 -0.186567634 -0.008679623 0.982403755 62.918010712
0.977714956 -0.001569596 0.209931031 0.616803229 -0.000373029 0.999957502 0.009213716 -0.652836263 -0.209936559 -0.009086698 0.977672756 63.960029602
0.972295582 -0.006629548 0.233660758 0.872068882 0.004683203 0.999949574 0.008883632 -0.666454971 -0.233707860 -0.007543236 0.972277582 64.980590820
0.965972185 -0.013042891 0.258316904 1.152591825 0.011595679 0.999907374 0.007125276 -0.675863326 -0.258385926 -0.003887458 0.966033936 65.975654602
0.958477557 -0.016805286 0.284672379 1.445281744 0.015140337 0.999853015 0.008048350 -0.684702516 -0.284765780 -0.003404128 0.958591104 66.948570251
0.949866056 -0.018845243 0.312088728 1.754261374 0.016409157 0.999810934 0.010430306 -0.695008278 -0.312226295 -0.004786281 0.949995697 67.902420044
0.940320253 -0.023067920 0.339508086 2.101986170 0.019813044 0.999718547 0.013050706 -0.694509685 -0.339713573 -0.005545155 0.940512598 68.845672607
0.929410696 -0.026139457 0.368120223 2.460646152 0.023017287 0.999652207 0.012870399 -0.703754604 -0.368328601 -0.003488760 0.929689109 69.745010376
0.917286038 -0.025183976 0.397431940 2.844511509 0.023595178 0.999682069 0.008888169 -0.705861151 -0.397529423 0.001224483 0.917588592 70.644218445
0.904306293 -0.026501633 0.426060796 3.268832684 0.027546106 0.999613643 0.003711385 -0.713858724 -0.425994515 0.008380086 0.904686928 71.523345947
0.890198171 -0.028452592 0.454684168 3.716395378 0.031269100 0.999510109 0.001326107 -0.721036375 -0.454499155 0.013037065 0.890651762 72.377197266
0.874575138 -0.029204700 0.484009802 4.182332516 0.030709188 0.999516726 0.004820348 -0.733838499 -0.483916670 0.010647791 0.875049293 73.223716736
0.856844187 -0.028237578 0.514801621 4.674761295 0.026622918 0.999590218 0.010517283 -0.741377056 -0.514887631 0.004693845 0.857244849 74.054176331
0.837263882 -0.028151954 0.546073854 5.189531326 0.024370346 0.999602616 0.014167233 -0.749352098 -0.546255708 0.001446296 0.837617218 74.852233887
0.816200018 -0.021909235 0.577353895 5.725611210 0.020267788 0.999751449 0.009285849 -0.751033306 -0.577413797 0.004122575 0.816441238 75.623748779
0.794256568 -0.015230393 0.607391536 6.286690712 0.017533977 0.999843955 0.002142836 -0.757918835 -0.607329428 0.008948028 0.794399738 76.368591309
0.771834612 -0.012826272 0.635693967 6.881566048 0.016642690 0.999861479 -0.000032889 -0.760987341 -0.635605514 0.010605042 0.771941185 77.090721130
0.748452425 -0.015331871 0.663011312 7.509723663 0.017584832 0.999840021 0.003269941 -0.770713627 -0.662955403 0.009211547 0.748602271 77.796676636
0.724025846 -0.015604834 0.689596295 8.133844376 0.017807400 0.999833703 0.003928707 -0.785675287 -0.689542949 0.009435431 0.724183321 78.458679199
0.698706269 -0.013370136 0.715283751 8.784603119 0.018104663 0.999835610 0.001003931 -0.793710947 -0.715179563 0.012248518 0.698833466 79.091552734
0.672331214 -0.011147123 0.740166545 9.452127457 0.018001240 0.999837101 -0.001293613 -0.805074573 -0.740031540 0.014193651 0.672422409 79.706542969
0.645429611 -0.008885728 0.763768137 10.145784378 0.016477406 0.999861598 -0.002291936 -0.815079093 -0.763642132 0.014064198 0.645486712 80.291183472
0.617350817 -0.007004349 0.786656857 10.870424271 0.016001763 0.999865294 -0.003655082 -0.826046586 -0.786525309 0.014844363 0.617379665 80.864913940
0.588574409 -0.000808430 0.808442712 11.607465744 0.014701434 0.999844849 -0.009703328 -0.843325853 -0.808309436 0.017596398 0.588494897 81.403373718
0.558418691 0.008867629 0.829511881 12.374571800 0.013344040 0.999717474 -0.019670226 -0.858202457 -0.829451919 0.022053262 0.558142602 81.935485840
0.527553320 0.017018072 0.849351525 13.149555206 0.012355266 0.999539852 -0.027701493 -0.882250249 -0.849432170 0.025107978 0.527100265 82.416954041
0.495671749 0.022103816 0.868228555 13.960096359 0.009657656 0.999473989 -0.030958686 -0.912368894 -0.868456185 0.023730399 0.495197594 82.893043518
0.463197291 0.021581402 0.885992408 14.788311005 0.007852000 0.999564290 -0.028452868 -0.943631768 -0.886220455 0.020136103 0.462826014 83.327629089
0.429845929 0.020544110 0.902668536 15.639223099 0.003333295 0.999698162 -0.024339736 -0.970680237 -0.902896106 0.013471196 0.429647684 83.747772217
0.395477295 0.021678630 0.918219924 16.498874664 -0.000967835 0.999730706 -0.023186205 -1.003903866 -0.918475330 0.008280935 0.395391762 84.125373840
0.360246837 0.024698265 0.932530046 17.385873795 -0.007795024 0.999694228 -0.023465820 -1.033743262 -0.932824492 0.001184395 0.360329211 84.489059448
0.324509084 0.026356574 0.945515394 18.282649994 -0.012509529 0.999643862 -0.023572046 -1.064816594 -0.945799947 -0.004178605 0.324723244 84.803604126
0.288700819 0.025548397 0.957078516 19.186882019 -0.015109671 0.999641001 -0.022126766 -1.097179294 -0.957300246 -0.008073124 0.288983166 85.078392029
0.251679301 0.025622535 0.967471480 20.150695801 -0.016401010 0.999618828 -0.022207346 -1.123458982 -0.967671692 -0.010278378 0.252003610 85.359069824
0.216043711 0.024962392 0.976064563 21.097335815 -0.015596108 0.999633849 -0.022113098 -1.151725173 -0.976259172 -0.010445411 0.216353893 85.561607361
0.181056917 0.023853814 0.983183384 22.068035126 -0.013579724 0.999671161 -0.021753080 -1.178586483 -0.983378947 -0.009412811 0.181321263 85.731506348
0.145909429 0.022952694 0.989031613 23.038410187 -0.005338386 0.999734521 -0.022413520 -1.211156487 -0.989283502 -0.002009489 0.145993233 85.877960205
0.112240851 0.026399119 0.993330359 24.006557465 -0.003277909 0.999651432 -0.026196726 -1.243123651 -0.993675649 -0.000315701 0.112288296 85.979728699
0.079725206 0.031119395 0.996331036 24.982257843 -0.001976372 0.999515533 -0.031060712 -1.279821992 -0.996814966 0.000507203 0.079748094 86.049438477
0.050506294 0.035200566 0.998103261 25.988670349 0.004560560 0.999360144 -0.035475671 -1.312228441 -0.998713374 0.006343656 0.050313473 86.103836060
0.025038481 0.033308096 0.999131560 26.971744537 0.006551569 0.999417841 -0.033481825 -1.349795938 -0.999665141 0.007384216 0.024805725 86.122512817
0.002533793 0.029964957 0.999547899 27.959651947 0.007977947 0.999518514 -0.029984307 -1.389857054 -0.999965131 0.008050318 0.002293527 86.124969482
-0.016200542 0.027956987 0.999477863 29.007179260 0.008538092 0.999576449 -0.027821349 -1.425279140 -0.999832332 0.008082912 -0.016432405 86.112915039
-0.032603383 0.031063380 0.998985648 30.003299713 0.010590524 0.999471545 -0.030732857 -1.463198423 -0.999412417 0.009577789 -0.032915115 86.075927734
-0.047323227 0.035391267 0.998252571 30.994194031 0.012916425 0.999310255 -0.034816455 -1.501411200 -0.998796225 0.011246230 -0.047747612 86.028938293
-0.059300542 0.040904578 0.997401774 32.010204315 0.017339176 0.999051571 -0.039941337 -1.537638068 -0.998089552 0.014925579 -0.059953570 85.963241577
-0.068301797 0.044150103 0.996687412 33.003711700 0.022799987 0.998828471 -0.042682495 -1.586557627 -0.997404218 0.019809172 -0.069228411 85.891586304
-0.074719667 0.049448352 0.995977938 33.992240906 0.025465736 0.998538733 -0.047665022 -1.639471531 -0.996879518 0.021801796 -0.075869799 85.820426941
-0.077485681 0.054379582 0.995509326 35.022617340 0.028665006 0.998220086 -0.052296512 -1.697035313 -0.996581256 0.024484053 -0.078906536 85.718864441
-0.080256581 0.058598328 0.995050371 36.020801544 0.030594748 0.997944951 -0.056301154 -1.755004168 -0.996304631 0.025924778 -0.081884384 85.635978699
-0.082766652 0.061093014 0.994694710 37.042015076 0.031489152 0.997781098 -0.058662433 -1.823967934 -0.996071458 0.026466804 -0.084506750 85.545997620
-0.085318208 0.064845249 0.994241536 38.053924561 0.032549329 0.997528672 -0.062266521 -1.887737513 -0.995822132 0.027049435 -0.087218046 85.463562012
-0.087127924 0.068781003 0.993819833 39.064113617 0.033857789 0.997241735 -0.066049516 -1.952717304 -0.995621562 0.027893778 -0.089216471 85.365676880
-0.089605451 0.070017725 0.993513167 40.074684143 0.036491614 0.997086883 -0.066978388 -2.027303457 -0.995308578 0.030253271 -0.091899395 85.271636963
-0.091693163 0.068655670 0.993417859 41.100448608 0.036998075 0.997166455 -0.065499797 -2.108158112 -0.995099902 0.030748667 -0.093973517 85.178909302
-0.093836665 0.068491966 0.993228912 42.133663177 0.036075722 0.997209549 -0.065358169 -2.172726154 -0.994933844 0.029698461 -0.096045613 85.088180542
-0.096163392 0.069781341 0.992916644 43.160373688 0.035861786 0.997134805 -0.066604607 -2.244232178 -0.994719446 0.029202839 -0.098390341 84.983642578
-0.098240614 0.072028168 0.992552638 44.194931030 0.035271905 0.997002602 -0.068859957 -2.325922966 -0.994537413 0.028244374 -0.100486755 84.872421265
-0.100807905 0.074129842 0.992140532 45.227169037 0.033584442 0.996905506 -0.071073487 -2.405429602 -0.994339049 0.026155718 -0.102985620 84.768432617
-0.103291869 0.077684328 0.991612852 46.263263702 0.031484768 0.996701121 -0.074803330 -2.489822149 -0.994152725 0.023494126 -0.105396986 84.666183472
-0.105801344 0.081742838 0.991021931 47.302040100 0.027986249 0.996465504 -0.079204053 -2.572378397 -0.993993521 0.019355100 -0.107715130 84.566757202
-0.108571172 0.084282823 0.990509510 48.346302032 0.025552979 0.996306717 -0.081975229 -2.657243013 -0.993760407 0.016410330 -0.110323906 84.456092834
-0.111310124 0.082951427 0.990317881 49.405593872 0.023345891 0.996453524 -0.080841348 -2.741535902 -0.993511617 0.014121404 -0.112851977 84.330505371
-0.114268303 0.078527175 0.990341604 50.457031250 0.020733181 0.996842444 -0.076650403 -2.834710598 -0.993233681 0.011774226 -0.115535617 84.217880249
-0.116628289 0.076777369 0.990203619 51.511524200 0.020877272 0.996976733 -0.074843571 -2.923169851 -0.992956221 0.011943867 -0.117878675 84.097015381
-0.118961453 0.077221446 0.989891529 52.554485321 0.020043038 0.996954679 -0.075363755 -3.009222031 -0.992696643 0.010875058 -0.120146871 83.985916138
-0.120538831 0.080204234 0.989463508 53.610305786 0.020970402 0.996714175 -0.078237318 -3.090310812 -0.992487311 0.011318824 -0.121824741 83.868362427
-0.120602727 0.083166622 0.989210963 54.688529968 0.022098994 0.996462405 -0.081082016 -3.182972431 -0.992454886 0.012081853 -0.122014046 83.724380493
-0.121019840 0.083884723 0.989099383 55.740844727 0.020251051 0.996424258 -0.082028158 -3.270448208 -0.992443562 0.010103268 -0.122285843 83.605094910
-0.120806694 0.082577094 0.989235401 56.831058502 0.017898066 0.996553183 -0.081002213 -3.366177082 -0.992514610 0.007919782 -0.121868253 83.467742920
-0.121380210 0.081842452 0.989226401 57.899456024 0.013703781 0.996638238 -0.080774188 -3.461146116 -0.992511630 0.003751766 -0.122093678 83.355590820
-0.120965123 0.083044700 0.989176989 58.981723785 0.009815388 0.996545792 -0.082463026 -3.551688671 -0.992608249 -0.000265991 -0.121362329 83.220039368
-0.121248245 0.083350033 0.989116669 60.056732178 0.005454284 0.996509194 -0.083304390 -3.643699646 -0.992607296 -0.004705583 -0.121279597 83.100418091
-0.121319771 0.082352489 0.989191353 61.146381378 0.002619750 0.996575534 -0.082645938 -3.746905088 -0.992609978 -0.007435153 -0.121120095 82.972274780
-0.121695876 0.077508688 0.989536524 62.236137390 0.003392930 0.996973038 -0.077673905 -3.835949898 -0.992561638 -0.006095167 -0.121590495 82.840759277
-0.121793985 0.068801358 0.990168035 63.336284637 0.006801124 0.997629106 -0.068483226 -3.924254417 -0.992532194 -0.001606584 -0.121973157 82.705261230
-0.121770501 0.063424572 0.990529776 64.440841675 0.011810193 0.997978210 -0.062449619 -4.007781982 -0.992488027 0.004093832 -0.122273326 82.570007324
-0.121019363 0.065704741 0.990473270 65.516441345 0.020516539 0.997759342 -0.063681297 -4.086461067 -0.992438138 0.012614410 -0.122096300 82.432182312
-0.120082140 0.071461357 0.990188777 66.599044800 0.025719892 0.997295082 -0.068855129 -4.159761906 -0.992430866 0.017199283 -0.121595263 82.302772522
-0.119118094 0.076818272 0.989903986 67.696578979 0.029449882 0.996837199 -0.073812507 -4.244639397 -0.992443264 0.020360149 -0.121003628 82.165885925
-0.118725181 0.081583031 0.989569962 68.809226990 0.030250408 0.996453404 -0.078521192 -4.330998421 -0.992466331 0.020612463 -0.120772004 82.033432007
-0.119205117 0.078499988 0.989761651 69.909973145 0.026889967 0.996759176 -0.075816400 -4.421154976 -0.992505550 0.017576963 -0.120929599 81.925857544
-0.118066430 0.074799828 0.990184605 71.042098999 0.026256021 0.997045457 -0.072187439 -4.504911423 -0.992658615 0.017475402 -0.119681597 81.777023315
-0.117627501 0.072279662 0.990423858 72.196792603 0.024678763 0.997252405 -0.069847032 -4.596265793 -0.992751062 0.016226504 -0.119088054 81.629264832
-0.118087411 0.072913088 0.990322828 73.316360474 0.022696016 0.997238278 -0.070715949 -4.681506634 -0.992743909 0.014125729 -0.119416118 81.511505127
-0.117732406 0.077957191 0.989980698 74.451713562 0.024188830 0.996843219 -0.075620957 -4.774832726 -0.992750704 0.015043434 -0.119246483 81.380004883
-0.116350651 0.080641888 0.989928961 75.592102051 0.023691069 0.996640146 -0.078404076 -4.861598969 -0.992925584 0.014330110 -0.117870212 81.233047485
-0.115916133 0.079610981 0.990063608 76.744071960 0.023856832 0.996718287 -0.077352956 -4.951981068 -0.992972672 0.014653336 -0.117434978 81.096908569
-0.115379810 0.072653741 0.990660965 77.882766724 0.025579574 0.997208118 -0.070154719 -5.047189713 -0.992992163 0.017246256 -0.116916180 80.962005615
-0.116076708 0.071342811 0.990674794 79.048721313 0.024389103 0.997321010 -0.068963788 -5.130670547 -0.992940843 0.016156588 -0.117505670 80.828552246
-0.115962505 0.074264273 0.990473628 80.199630737 0.021328049 0.997157156 -0.072268374 -5.216564178 -0.993024826 0.012744462 -0.117216706 80.706939697
-0.115230441 0.077167138 0.990336895 81.377067566 0.021782238 0.996934533 -0.075146757 -5.307568550 -0.993099928 0.012912560 -0.116558075 80.565063477
-0.115143657 0.076399706 0.990406573 82.543487549 0.020830374 0.997004390 -0.074486949 -5.400887966 -0.993130505 0.012053843 -0.116390228 80.435768127
-0.114538193 0.073207535 0.990717769 83.710746765 0.020725591 0.997240067 -0.071293376 -5.488409996 -0.993202627 0.012367394 -0.115739346 80.300025940
-0.114281774 0.072327100 0.990812063 84.907272339 0.020260157 0.997308493 -0.070464492 -5.576251030 -0.993241787 0.012021200 -0.115439534 80.168899536
-0.112948537 0.072674789 0.990939498 86.094329834 0.021783674 0.997262895 -0.070655614 -5.667212009 -0.993362069 0.013605857 -0.114222527 80.031394958
-0.111716747 0.073069096 0.991050184 87.289268494 0.024003835 0.997200489 -0.070816711 -5.754317284 -0.993450224 0.015877595 -0.113157988 79.890884399
-0.111166239 0.072579786 0.991147935 88.473030090 0.024152169 0.997232318 -0.070316449 -5.843178749 -0.993508279 0.016121564 -0.112611532 79.764717102
-0.109901071 0.073184632 0.991244614 89.666114807 0.025322121 0.997168064 -0.070814461 -5.933513165 -0.993619978 0.017317841 -0.111443043 79.634124756
-0.108784556 0.071121924 0.991517842 90.861167908 0.024762684 0.997321606 -0.068821393 -6.027728081 -0.993756890 0.017065939 -0.110254407 79.508064270
-0.107536554 0.070319265 0.991711199 92.074432373 0.023369739 0.997398734 -0.068188444 -6.117458344 -0.993926466 0.015843282 -0.108900189 79.370315552
-0.106021762 0.070211731 0.991881967 93.288520813 0.024399601 0.997387350 -0.067993388 -6.200273037 -0.994064450 0.016992753 -0.107457876 79.241073608
-0.104057670 0.070660360 0.992057979 94.512756348 0.023124201 0.997375309 -0.068613574 -6.295574188 -0.994302392 0.015800778 -0.105418563 79.112121582
-0.103175163 0.073179521 0.991967559 95.749481201 0.022929784 0.997199833 -0.071180582 -6.389356136 -0.994398892 0.015401534 -0.104564309 78.993782043
-0.102288961 0.071806945 0.992159843 96.966247559 0.019989774 0.997338176 -0.070120856 -6.478217602 -0.994554102 0.012660475 -0.103452086 78.881919861
-0.101735711 0.070695214 0.992296398 98.207382202 0.016912617 0.997450531 -0.069328442 -6.571433544 -0.994667709 0.009729150 -0.102671981 78.759811401
-0.101805568 0.071822278 0.992208242 99.438598633 0.014169268 0.997393906 -0.070743814 -6.658994198 -0.994703412 0.006856752 -0.102557898 78.642044067
-0.101851583 0.071192719 0.992248952 100.671607971 0.011255641 0.997454584 -0.070410863 -6.750728607 -0.994735956 0.003996945 -0.102393627 78.518341064
-0.102973342 0.068662129 0.992311478 101.912574768 0.008421765 0.997639060 -0.068156831 -6.843307495 -0.994648516 0.001338677 -0.103308439 78.398895264
-0.104309440 0.067322396 0.992263734 103.187934875 0.006489159 0.997731149 -0.067011185 -6.934854507 -0.994523764 -0.000550939 -0.104509592 78.275466919
-0.105994582 0.066808254 0.992120028 104.441818237 0.004397556 0.997762144 -0.066718385 -7.023027420 -0.994357169 -0.002708871 -0.106051207 78.152282715
-0.107490897 0.066538356 0.991976976 105.697456360 0.004704213 0.997780800 -0.066417910 -7.121768951 -0.994194925 -0.002472850 -0.107565284 78.018402100
-0.109925508 0.065239809 0.991796434 106.954078674 0.004140920 0.997864902 -0.065180033 -7.210288048 -0.993931234 -0.003057999 -0.109961033 77.883560181
-0.113335848 0.060704131 0.991700649 108.219497681 0.001126407 0.998138964 -0.060969513 -7.294796944 -0.993556201 -0.005792971 -0.113193393 77.757568359
-0.118220210 0.060603157 0.991136432 109.473442078 0.000289596 0.998137951 -0.060996730 -7.381777287 -0.992987454 -0.006924008 -0.118017554 77.623199463
-0.123131037 0.066727072 0.990144551 110.711936951 -0.004014840 0.997695267 -0.067735195 -7.468605518 -0.992382288 -0.012315574 -0.122579336 77.468559265
-0.130547523 0.069872096 0.988976955 111.938735962 -0.003464057 0.997475326 -0.070929781 -7.559083939 -0.991436124 -0.012685568 -0.129975915 77.323417664
-0.138901114 0.065704301 0.988124192 113.183166504 -0.001565135 0.997780740 -0.066566415 -7.656441689 -0.990305007 -0.010792699 -0.138490081 77.137031555
-0.149775624 0.063673005 0.986667752 114.416816711 0.000743740 0.997931182 -0.064286977 -7.748373508 -0.988719881 -0.008894790 -0.149513125 76.952064514
-0.163001895 0.064371400 0.984523714 115.635803223 0.000451553 0.997874081 -0.065169536 -7.839714050 -0.986625791 -0.010178188 -0.162684441 76.764869690
-0.177083611 0.064518847 0.982078850 116.854080200 0.002627263 0.997876406 -0.065082952 -7.930734634 -0.984192431 -0.008944936 -0.176877141 76.548439026
-0.191380262 0.062557049 0.979520321 118.056480408 0.003053153 0.997999966 -0.063140713 -8.017414093 -0.981511176 -0.009093261 -0.191188455 76.318199158
-0.206853986 0.065400034 0.976183653 119.256851196 0.007316436 0.997838795 -0.065300487 -8.106799126 -0.978344560 -0.006365474 -0.206885457 76.067222595
-0.221971512 0.068505339 0.972643673 120.446914673 0.007888307 0.997622371 -0.068464421 -8.199837685 -0.975021303 -0.007524633 -0.221984029 75.802955627
-0.237275362 0.072517380 0.968731940 121.610450745 0.007623862 0.997318149 -0.072789937 -8.290278435 -0.971412539 -0.009885778 -0.237191796 75.527397156
-0.252701044 0.070166603 0.964996755 122.773559570 0.004164889 0.997436583 -0.071434706 -8.392447472 -0.967535436 -0.014032520 -0.252345443 75.221366882
-0.269201636 0.064596757 0.960915148 123.926467896 -0.001595408 0.997716784 -0.067517675 -8.482681274 -0.963082612 -0.019708915 -0.268483877 74.925605774
-0.285047531 0.060265385 0.956617057 125.124282837 -0.005432808 0.997903883 -0.064485237 -8.578127861 -0.958498120 -0.023578467 -0.284122586 74.591423035
-0.300503016 0.061526198 0.951794505 126.270927429 -0.007394728 0.997736931 -0.066830710 -8.667466164 -0.953752398 -0.027121078 -0.299367905 74.249145508
-0.314351201 0.063853495 0.947157025 127.411849976 -0.007006174 0.997552037 -0.069576204 -8.754253387 -0.949281156 -0.028507290 -0.313134313 73.873046875
-0.328082800 0.066284545 0.942320704 128.543670654 -0.005379195 0.997387886 -0.072030924 -8.844953537 -0.944633782 -0.028701024 -0.326869249 73.484710693
-0.342387438 0.065754697 0.937255263 129.665451050 -0.003155489 0.997461975 -0.071131326 -8.948081017 -0.939553678 -0.027311964 -0.341310978 73.085769653
-0.356581688 0.063777648 0.932084739 130.791839600 -0.003620962 0.997565389 -0.069643393 -9.041053772 -0.934257150 -0.028208598 -0.355482697 72.672683716
-0.371089816 0.062339630 0.926502109 131.911437988 -0.003496310 0.997643173 -0.068526722 -9.141784668 -0.928590417 -0.028668905 -0.369997263 72.233627319
-0.385758281 0.063795291 0.920391440 133.011657715 -0.004914332 0.997450233 -0.071196198 -9.232822418 -0.922586620 -0.031987641 -0.384461164 71.783081055
-0.400805593 0.065982498 0.913784027 134.096496582 -0.004037721 0.997266233 -0.073781617 -9.326375008 -0.916154265 -0.033261690 -0.399443507 71.317764282
-0.415201902 0.067738608 0.907203913 135.177658081 -0.002403110 0.997138858 -0.075553656 -9.422446251 -0.909726202 -0.033550128 -0.413851142 70.826660156
-0.429490209 0.070667237 0.900302529 136.255371094 0.000798168 0.996962905 -0.077873617 -9.519183159 -0.903071344 -0.032727350 -0.428242207 70.314315796
-0.444598317 0.073470511 0.892711878 137.332092285 0.000358910 0.996644974 -0.081845500 -9.626001358 -0.895730019 -0.036067966 -0.443132997 69.793334961
-0.459423184 0.075842574 0.884973586 138.400802612 0.001427290 0.996409595 -0.084651724 -9.726090431 -0.888216376 -0.037627853 -0.457881927 69.242126465
-0.474851251 0.072928235 0.877039313 139.482879639 -0.000109913 0.996555686 -0.082925871 -9.834948540 -0.880066156 -0.039473843 -0.473207712 68.674285889
-0.491355181 0.068275802 0.868279159 140.551757812 -0.002960438 0.996785939 -0.080056049 -9.943519592 -0.870954335 -0.041906435 -0.489573836 68.095901489
-0.507037640 0.068731390 0.859179318 141.612136841 -0.003088867 0.996664226 -0.081552587 -10.045213699 -0.861918569 -0.044004109 -0.505133986 67.477081299
-0.523015738 0.067967691 0.849608898 142.659729004 -0.004118948 0.996602178 -0.082262591 -10.145084381 -0.852313280 -0.046524107 -0.520958781 66.847396851
-0.538596272 0.067104444 0.839887679 143.702575684 -0.004807037 0.996562481 -0.082704909 -10.247371674 -0.842550397 -0.048581921 -0.536422372 66.189865112
-0.554551482 0.066488564 0.829488933 144.733749390 -0.006208053 0.996444583 -0.084021442 -10.355770111 -0.832126200 -0.051743727 -0.552167058 65.524490356
-0.569794059 0.065800257 0.819148958 145.765045166 -0.006295377 0.996410549 -0.084418267 -10.468925476 -0.821763396 -0.053257883 -0.567334533 64.819839478
-0.584792972 0.063232087 0.808714449 146.780456543 -0.006568268 0.996555448 -0.082668684 -10.575962067 -0.811156094 -0.053655911 -0.582363367 64.096878052
-0.599955797 0.059510726 0.797816813 147.786621094 -0.006645339 0.996824503 -0.079352379 -10.682992935 -0.800005615 -0.052909676 -0.597655177 63.357986450
-0.614727259 0.058078811 0.786598861 148.779418945 -0.005630015 0.996936738 -0.078009054 -10.786827087 -0.788719952 -0.052382838 -0.612517238 62.588951111
-0.629651189 0.056335051 0.774832726 149.756652832 -0.006498669 0.996950507 -0.077765368 -10.893095970 -0.776850820 -0.054000434 -0.627364874 61.820747375
-0.644502759 0.057024654 0.762472630 150.728088379 -0.008131717 0.996647358 -0.081411958 -11.001617432 -0.764558792 -0.058670435 -0.641878247 61.021888733
-0.659807920 0.056427568 0.749312639 151.687438965 -0.010188162 0.996413112 -0.084006853 -11.107793808 -0.751365244 -0.063062511 -0.656866431 60.203102112
-0.675680876 0.053184349 0.735273361 152.646636963 -0.012025153 0.996466339 -0.083127700 -11.219594955 -0.737096250 -0.065009572 -0.672653675 59.353492737
-0.691871047 0.045467760 0.720588267 153.574203491 -0.015718795 0.996830165 -0.077990472 -11.330965042 -0.721850157 -0.065286115 -0.688963294 58.486808777
-0.708825588 0.042988740 0.704072475 154.488677979 -0.016538277 0.996854007 -0.077515103 -11.437791824 -0.705189705 -0.066588841 -0.705884695 57.593284607
-0.726074815 0.040549431 0.686419308 155.386917114 -0.017928524 0.996803939 -0.077849329 -11.544422150 -0.687382162 -0.068830907 -0.723027229 56.674812317
-0.743544340 0.037026081 0.667660952 156.260177612 -0.020808553 0.996701121 -0.078447036 -11.648536682 -0.668362975 -0.072221898 -0.740321040 55.735855103
-0.759832859 0.035521809 0.649147630 157.097900391 -0.019952644 0.996761620 -0.077898234 -11.754362106 -0.649812579 -0.072141826 -0.756663442 54.767730713
-0.775974035 0.037262298 0.629663587 157.931610107 -0.018222433 0.996512592 -0.081428379 -11.861198425 -0.630501926 -0.074660286 -0.772588849 53.769958496
-0.790897131 0.037496250 0.610799253 158.711730957 -0.014045075 0.996745825 -0.079375409 -11.968226433 -0.611787915 -0.071356513 -0.787796736 52.764396667
-0.805677176 0.038050342 0.591131687 159.523406982 -0.010729426 0.996833622 -0.078788392 -12.089109421 -0.592257917 -0.069820501 -0.802717805 51.706153870
-0.820200086 0.038833447 0.570757747 160.278533936 -0.009408582 0.996642768 -0.081330478 -12.201395988 -0.571999907 -0.072077259 -0.817081094 50.665664673
-0.833763361 0.040757235 0.550615609 160.992675781 -0.007931123 0.996284604 -0.085755803 -12.319253922 -0.552065015 -0.075867049 -0.830342412 49.591659546
-0.846843004 0.041200906 0.530244946 161.693313599 -0.005150978 0.996312678 -0.085641660 -12.434438705 -0.531818271 -0.075256310 -0.843508244 48.501770020
-0.858321309 0.039284829 0.511606514 162.362548828 -0.003788382 0.996552467 -0.082878239 -12.556420326 -0.513098598 -0.073074318 -0.855213404 47.387123108
-0.868824363 0.041148707 0.493407637 163.004714966 -0.000887541 0.996409476 -0.084660381 -12.668654442 -0.495119721 -0.073992923 -0.865668297 46.277290344
-0.878164768 0.043891571 0.476340711 163.615753174 0.001822044 0.996081352 -0.088423103 -12.784222603 -0.478355139 -0.076782122 -0.874803543 45.154907227
-0.887168169 0.041658785 0.459561795 164.216720581 0.000272146 0.995963573 -0.089757666 -12.906200409 -0.461446017 -0.079505086 -0.883598566 44.029457092
-0.895465136 0.038966030 0.443423063 164.806060791 -0.000653812 0.996044934 -0.088848308 -13.035470963 -0.445131361 -0.079850465 -0.891898036 42.880569458
-0.902601361 0.036977682 0.428886831 165.371597290 -0.001531496 0.996021688 -0.089097880 -13.159789085 -0.430475205 -0.081076689 -0.898953915 41.715629578
-0.909233332 0.035186309 0.414797276 165.918457031 -0.001820448 0.996075809 -0.088485263 -13.284579277 -0.416282982 -0.081208862 -0.905601263 40.543769836
-0.915504813 0.032447714 0.400996655 166.448059082 -0.003136876 0.996136129 -0.087766729 -13.407291412 -0.402295083 -0.081608735 -0.911865592 39.367134094
-0.921192169 0.027894814 0.388107181 166.966629028 -0.005326757 0.996429503 -0.084260702 -13.523975372 -0.389071882 -0.079687640 -0.917754531 38.177440643
-0.926310658 0.024574496 0.375958651 167.473236084 -0.006306657 0.996719360 -0.080689199 -13.648214340 -0.376708150 -0.077114291 -0.923116803 36.978836060
-0.930672169 0.025054419 0.364995778 167.955459595 -0.003681524 0.996960521 -0.077821620 -13.753497124 -0.365836143 -0.073770143 -0.927751184 35.775009155
-0.933775544 0.029127004 0.356671929 168.415924072 0.000799406 0.996849418 -0.079313144 -13.867858887 -0.357858360 -0.073775545 -0.930856943 34.580894470
-0.936240435 0.034072567 0.349704325 168.878921509 0.006078162 0.996708632 -0.080839157 -13.977563858 -0.351307720 -0.073559314 -0.933366060 33.384284973
-0.937897921 0.037343286 0.344895899 169.314453125 0.009085666 0.996492505 -0.083187073 -14.089927673 -0.346792668 -0.074887365 -0.934947610 32.170478821
-0.939829946 0.034418982 0.339904577 169.763519287 0.006980288 0.996639073 -0.081620023 -14.208723068 -0.341571450 -0.074336305 -0.936911464 30.976558685
-0.941555619 0.027206581 0.335757673 170.213043213 0.000928519 0.996938944 -0.078178562 -14.322208405 -0.336856872 -0.073297687 -0.938698649 29.736412048
-0.943478465 0.021102510 0.330761760 170.656585693 -0.004394773 0.997086704 -0.076149695 -14.432165146 -0.331405103 -0.073299207 -0.940637112 28.527832031
-0.945016503 0.014855376 0.326685071 171.093429565 -0.011309936 0.996885419 -0.078048214 -14.534923553 -0.326827019 -0.077451631 -0.941905260 27.309734344
-0.946533918 0.011838903 0.322387159 171.533538818 -0.015088310 0.996608198 -0.080897599 -14.641023636 -0.322251409 -0.081436589 -0.943144798 26.110057831
-0.947258234 0.012054759 0.320244759 171.949554443 -0.015273706 0.996458471 -0.082687415 -14.759229660 -0.320107371 -0.083217658 -0.943719387 24.902694702
-0.947595477 0.012656071 0.319223166 172.369873047 -0.015183303 0.996301830 -0.084570602 -14.874359131 -0.319112927 -0.084985554 -0.943898916 23.699417114
-0.947371483 0.015403979 0.319765180 172.782943726 -0.012944994 0.996181548 -0.086341105 -14.989214897 -0.319874138 -0.085936464 -0.943554640 22.490898132
-0.946908593 0.016403880 0.321084082 173.203079224 -0.012550987 0.996050119 -0.087901346 -15.114973068 -0.321257740 -0.087264471 -0.942962527 21.247337341
-0.946693301 0.017568668 0.321657389 173.624237061 -0.011923351 0.995916486 -0.089488633 -15.239298820 -0.321916103 -0.088553511 -0.942617893 20.046958923
-0.945860744 0.018778356 0.324029386 174.046981812 -0.010760412 0.995961964 -0.089128889 -15.359924316 -0.324394643 -0.087790199 -0.941839218 18.838943481
-0.945239544 0.018001592 0.325880557 174.475311279 -0.011747444 0.995954216 -0.089090645 -15.487121582 -0.326165915 -0.088040262 -0.941203833 17.643371582
-0.943940282 0.017156715 0.329670191 174.897888184 -0.013097295 0.995915890 -0.089330822 -15.605170250 -0.329856396 -0.088640749 -0.939860463 16.472724915
-0.942580938 0.015489644 0.333618581 175.338394165 -0.014382585 0.996114612 -0.086884283 -15.726758003 -0.333668143 -0.086693756 -0.938695788 15.301338196
-0.940555096 0.013064392 0.339389861 175.772384644 -0.016381415 0.996352017 -0.083751336 -15.850088120 -0.339245945 -0.084332436 -0.936910033 14.116592407
-0.938628674 0.010344473 0.344774395 176.233520508 -0.018633790 0.996569872 -0.080630116 -15.965934753 -0.344425887 -0.082106180 -0.935216308 12.961196899
-0.935612917 0.012026850 0.352822751 176.665008545 -0.017515393 0.996607244 -0.080419064 -16.081537247 -0.352592885 -0.081420943 -0.932227969 11.780517578
-0.932695746 0.012391087 0.360451281 177.129562378 -0.017756702 0.996620059 -0.080207251 -16.194309235 -0.360226810 -0.081209384 -0.929323196 10.637290955
-0.928696871 0.015419990 0.370519131 177.593124390 -0.016358560 0.996459126 -0.082472213 -16.310297012 -0.370478868 -0.082652844 -0.925156236 9.450439453
-0.924615860 0.016428171 0.380546957 178.072372437 -0.015872145 0.996540010 -0.081585117 -16.416652679 -0.380570531 -0.081474967 -0.921155930 8.318191528
-0.919659495 0.018681074 0.392272085 178.561508179 -0.015046382 0.996458471 -0.082729474 -16.528898239 -0.392428309 -0.081985220 -0.916121364 7.165306091
-0.914463758 0.020345360 0.404156089 179.080093384 -0.014768154 0.996392131 -0.083573900 -16.643257141 -0.404398292 -0.082393937 -0.910863996 6.049774170
-0.908092737 0.022705233 0.418152899 179.603622437 -0.013546617 0.996413767 -0.083523020 -16.757080078 -0.418549716 -0.081511214 -0.904528499 4.883041382
-0.902222633 0.021631805 0.430727690 180.155456543 -0.014656156 0.996626496 -0.080751590 -16.870582581 -0.431021422 -0.079168729 -0.898862004 3.763320923
-0.895332813 0.025312267 0.444677711 180.711761475 -0.012073065 0.996637762 -0.081039757 -16.984699249 -0.445233881 -0.077926189 -0.892016888 2.609985352
-0.888267636 0.027790235 0.458484828 181.283035278 -0.010380968 0.996698499 -0.080525160 -17.087947845 -0.459208935 -0.076287404 -0.885046482 1.479736328
-0.881085396 0.029240362 0.472052455 181.882507324 -0.008516617 0.996944308 -0.077650011 -17.204605103 -0.472880542 -0.072436586 -0.878144145 0.375167847
-0.873649597 0.030964807 0.485569596 182.492187500 -0.006260891 0.997174799 -0.074854665 -17.309146881 -0.486515611 -0.068436839 -0.870987535 -0.717712402
-0.865196943 0.033850275 0.500288308 183.115997314 -0.003217803 0.997323453 -0.073045291 -17.418941498 -0.501421869 -0.064808391 -0.862772226 -1.810684204
-0.856793404 0.037083965 0.514325261 183.747436523 0.000210031 0.997435749 -0.071567409 -17.519786835 -0.515660405 -0.061210435 -0.854604125 -2.827514648
-0.845754027 0.040098563 0.532064378 184.392608643 0.003306008 0.997546852 -0.069924109 -17.624019623 -0.533562958 -0.057379581 -0.843811750 -3.908050537
-0.834828019 0.043211695 0.548812449 185.068923950 0.005468840 0.997516394 -0.070222229 -17.708581924 -0.550483823 -0.055622112 -0.832991004 -4.947952271
-0.823651910 0.045003828 0.565307438 185.754898071 0.007600267 0.997632623 -0.068347439 -17.814222336 -0.567045033 -0.051998004 -0.822044134 -5.951751709
-0.812277794 0.047189109 0.581359088 186.471328735 0.008730419 0.997593880 -0.068776853 -17.903282166 -0.583205760 -0.050790388 -0.810735226 -6.931716919
-0.799288392 0.049434099 0.598910928 187.200622559 0.010461026 0.997604430 -0.068381280 -18.001012802 -0.600856602 -0.048391141 -0.797890782 -7.928894043
-0.785567403 0.050244879 0.616733313 187.949951172 0.012578915 0.997788548 -0.065266773 -18.099756241 -0.618648767 -0.043513596 -0.784462214 -8.881210327
-0.770675898 0.051987436 0.635103226 188.715805054 0.013859253 0.997798204 -0.064858720 -18.185606003 -0.637076735 -0.041182991 -0.769699574 -9.824111938
