1.000000000 0.000000000 0.000000000 0.000000000 0.000000000 1.000000000 0.000000000 0.000000000 0.000000000 0.000000000 1.000000000 0.000000000
0.999044597 -0.000553139 0.043698963 0.045171209 0.000662411 0.999996662 -0.002486138 -0.018026041 -0.043697443 0.002512710 0.999041677 1.026161909
0.996035337 -0.004967502 0.088819891 0.137969747 0.005650098 0.999956369 -0.007435399 -0.036580343 -0.088779084 0.007907760 0.996019959 2.049675703
0.990923822 -0.004150278 0.134360433 0.270767272 0.005727592 0.999919116 -0.011355024 -0.061098985 -0.134302437 0.012021525 0.990867496 3.065331697
0.983597040 -0.001662260 0.180372030 0.454525799 0.004213788 0.999896407 -0.013763673 -0.086283349 -0.180330455 0.014297958 0.983502150 4.088333607
0.974061191 -0.004148245 0.226246655 0.688737452 0.007420694 0.999879777 -0.013615513 -0.118623510 -0.226162985 0.014941251 0.973974884 5.093462944
0.962422609 -0.004830966 0.271513075 0.965698957 0.009218467 0.999846697 -0.014886342 -0.148162231 -0.271399528 0.016829886 0.962319613 6.104087830
0.948863208 -0.007248994 0.315604299 1.286136866 0.013470246 0.999755502 -0.017535245 -0.180194184 -0.315400034 0.020889817 0.948728859 7.083429337
0.933677077 -0.008854086 0.358006656 1.657743573 0.016868306 0.999672055 -0.019268829 -0.211017996 -0.357718647 0.024029830 0.933520198 8.046918869
0.916342616 -0.008769075 0.400299132 2.064974546 0.018276867 0.999634087 -0.019940101 -0.244607762 -0.399977803 0.025588177 0.916167557 8.979855537
0.896699488 -0.009004296 0.442548305 2.510433197 0.019213513 0.999642551 -0.018591575 -0.276620448 -0.442222685 0.025173962 0.896551967 9.905338287
0.874948025 -0.009190802 0.484129608 2.995233774 0.020161023 0.999644279 -0.017458785 -0.323194623 -0.483796924 0.025036078 0.874822140 10.755178452
0.850818276 -0.009023944 0.525382519 3.523437262 0.020635650 0.999655008 -0.016247893 -0.355316013 -0.525054634 0.024665615 0.850710988 11.637939453
0.825384319 -0.009420003 0.564492702 4.107455730 0.022463303 0.999616981 -0.016164009 -0.397669435 -0.564124227 0.026021890 0.825279832 12.471657753
0.798063457 -0.011134397 0.602470577 4.741226196 0.025853839 0.999541283 -0.015774574 -0.427883446 -0.602018535 0.028165286 0.797985256 13.296004295
0.769253969 -0.009914453 0.638866186 5.375892639 0.026431762 0.999517500 -0.016314946 -0.463338226 -0.638396204 0.029436696 0.769144833 14.069243431
0.738556564 -0.012805956 0.674069881 6.055489540 0.030919364 0.999410987 -0.014890572 -0.495533288 -0.673482180 0.031839341 0.738517523 14.806678772
0.706469417 -0.012125792 0.707639694 6.790290833 0.031406704 0.999405384 -0.014229412 -0.530057311 -0.707046390 0.032277275 0.706430197 15.535750389
0.672348797 -0.011009317 0.740152597 7.536540031 0.032766938 0.999351919 -0.014900483 -0.562244773 -0.739508927 0.034270857 0.672273815 16.211616516
0.636729121 -0.011981823 0.770994425 8.338098526 0.037006564 0.999201953 -0.015033695 -0.588917315 -0.770199001 0.038104247 0.636664391 16.872413635
0.599794745 -0.010616014 0.800083518 9.145356178 0.037580907 0.999182284 -0.014915315 -0.626246452 -0.799270928 0.039013989 0.599703193 17.482488632
0.561901093 -0.009598071 0.827148736 9.960260391 0.040522631 0.999051571 -0.015935155 -0.657537758 -0.826211274 0.042472225 0.561757088 18.031602859
0.523057342 -0.007536937 0.852264166 10.839368820 0.044965692 0.998812318 -0.018763728 -0.685356736 -0.851110518 0.048137154 0.522775054 18.568103790
0.484017491 -0.006493368 0.875034213 11.706262589 0.046618741 0.998743713 -0.018375371 -0.710256219 -0.873815656 0.049686994 0.483712137 19.048362732
0.445803642 -0.008480502 0.895090640 12.636559486 0.051812723 0.998523057 -0.016345080 -0.745388269 -0.893630028 0.053663779 0.445584595 19.498474121
0.408616841 -0.009208340 0.912659645 13.551761627 0.055922203 0.998322964 -0.014964901 -0.770853579 -0.910991251 0.057152845 0.408446491 19.897237778
0.373562038 -0.006520581 0.927582264 14.542630196 0.057613879 0.998207748 -0.016185591 -0.790790081 -0.925814271 0.059487935 0.373268187 20.290088654
0.339942753 -0.007153122 0.940418899 15.537580490 0.058152635 0.998217404 -0.013428268 -0.810398221 -0.938646436 0.059252679 0.339752734 20.657802582
0.306482852 -0.008653147 0.951836884 16.539840698 0.060604744 0.998107255 -0.010440387 -0.830967844 -0.949944913 0.060885627 0.306427181 20.978660583
0.273592889 -0.008585864 0.961807311 17.553520203 0.061362293 0.998079002 -0.008545285 -0.853712082 -0.959886253 0.061356626 0.273594141 21.263389587
0.241308212 -0.005766898 0.970431507 18.576845169 0.058512285 0.998249471 -0.008617502 -0.879156470 -0.968683064 0.058861632 0.241223216 21.523086548
0.210145772 -0.004097455 0.977661490 19.639234543 0.058437992 0.998255908 -0.008377328 -0.892641783 -0.975921988 0.058893036 0.210018694 21.753192902
0.179735661 -0.003826009 0.983707547 20.695098877 0.060617857 0.998135149 -0.007193520 -0.912460029 -0.981845558 0.060923174 0.179632366 21.938079834
0.149239540 -0.004080083 0.988792777 21.786535263 0.062077843 0.998057485 -0.005251173 -0.930426180 -0.986850619 0.062165797 0.149202943 22.094169617
0.118796587 -0.004733412 0.992907405 22.888607025 0.061017834 0.998133421 -0.002542168 -0.945207119 -0.991042018 0.060887057 0.118863702 22.224063873
0.089791536 -0.005065857 0.995947719 24.019039154 0.061753966 0.998091280 -0.000490786 -0.958520770 -0.994044244 0.061547790 0.089932978 22.312646866
0.062554777 -0.004549282 0.998031259 25.146968842 0.064611532 0.997910380 0.000498989 -0.961156905 -0.995948017 0.064453110 0.062717974 22.373847961
0.037011445 -0.004291445 0.999305725 26.332809448 0.068221159 0.997668684 0.001757686 -0.974753499 -0.996983588 0.068108730 0.037217975 22.419361115
0.014404893 -0.003682320 0.999889493 27.511489868 0.072684288 0.997351527 0.002625850 -0.974881649 -0.997250974 0.072638422 0.014634371 22.423404694
-0.005752563 -0.003819142 0.999976158 28.687520981 0.078405961 0.996912420 0.004258486 -0.975269377 -0.996904910 0.078428589 -0.005435348 22.406053543
-0.023622036 -0.004503013 0.999710798 29.901962280 0.082630992 0.996559381 0.006441304 -0.979927182 -0.996300161 0.082759254 -0.023168683 22.371963501
-0.039167643 -0.004349351 0.999223232 31.127458572 0.085792921 0.996283233 0.007699465 -0.978354931 -0.995542884 0.086027846 -0.038648963 22.316455841
-0.053645730 -0.005174337 0.998546779 32.360443115 0.087907851 0.996079564 0.009884288 -0.979290962 -0.994683206 0.088310331 -0.052980661 22.247951508
-0.066622257 -0.006038677 0.997759998 33.592658997 0.088062644 0.996043742 0.011908387 -0.971583962 -0.993884563 0.088658743 -0.065826893 22.154785156
-0.078999043 -0.006081783 0.996856093 34.847801208 0.087853953 0.996048033 0.013039127 -0.973911881 -0.992995858 0.088607833 -0.078152537 22.055892944
-0.090042233 -0.003231729 0.995932698 36.099037170 0.087907568 0.996065915 0.011179890 -0.970857799 -0.992050707 0.088556692 -0.089403868 21.941631317
-0.100166917 0.000119055 0.994970679 37.362648010 0.088305138 0.996054828 0.008770773 -0.960960627 -0.991044283 0.088739559 -0.099782228 21.817710876
-0.109650254 0.002932240 0.993966103 38.658638000 0.089495994 0.995963037 0.006934686 -0.951092362 -0.989933133 0.089716360 -0.109470010 21.677829742
-0.117199183 0.004179564 0.993099689 39.977302551 0.089227349 0.995991111 0.006338304 -0.936502218 -0.989091933 0.089354493 -0.117102265 21.524711609
-0.123035789 0.004758282 0.992390871 41.317157745 0.088740326 0.996035337 0.006226184 -0.938770533 -0.988426745 0.088831134 -0.122970223 21.363460541
-0.128390551 0.006214858 0.991704226 42.673538208 0.089916088 0.995934725 0.005399581 -0.935818017 -0.987639129 0.089863412 -0.128427505 21.198284149
-0.132823586 0.007842372 0.991108656 44.036209106 0.088934615 0.996029258 0.004037283 -0.933819294 -0.987141609 0.088680111 -0.132993698 21.017238617
-0.137129784 0.008702657 0.990514934 45.421684265 0.089576177 0.995973289 0.003650563 -0.929770410 -0.986494660 0.089227140 -0.137357116 20.834651947
-0.140418291 0.007691042 0.990062416 46.873069763 0.089232475 0.995998681 0.004918477 -0.930934727 -0.986063004 0.089036360 -0.140542746 20.635013580
-0.143499970 0.005767115 0.989633620 48.330650330 0.090042040 0.995911539 0.007252673 -0.925813496 -0.985545695 0.090149380 -0.143432498 20.424018860
-0.144549251 0.004563528 0.989487052 49.743782043 0.090365775 0.995871425 0.008608110 -0.928220153 -0.985362649 0.090660058 -0.144364834 20.223804474
-0.146875739 0.005260854 0.989141107 51.175086975 0.092984140 0.995631218 0.008511652 -0.926565528 -0.984774947 0.093224578 -0.146723151 20.025962830
-0.148273230 0.004908612 0.988934219 52.701095581 0.092235960 0.995697498 0.008886970 -0.919085979 -0.984635711 0.092533000 -0.148087978 19.797927856
-0.148673654 0.006156192 0.988867283 54.196739197 0.094485074 0.995494068 0.008008130 -0.910691500 -0.984362245 0.094623782 -0.148585439 19.561916351
-0.148190260 0.006266826 0.988939166 55.683361053 0.094396643 0.995503843 0.007836682 -0.902698398 -0.984443605 0.094513841 -0.148115516 19.334506989
-0.148479819 0.007762007 0.988884985 57.210494995 0.094059698 0.995546579 0.006308657 -0.902705789 -0.984432042 0.093950927 -0.148548722 19.131748199
-0.147373676 0.007525754 0.989052355 58.752738953 0.094752342 0.995479345 0.006543906 -0.899054170 -0.984531939 0.094679423 -0.147420526 18.906112671
-0.146148562 0.006232823 0.989243031 60.333061218 0.094079331 0.995535493 0.007626597 -0.897903442 -0.984779000 0.094181933 -0.146082401 18.684616089
-0.144984961 0.007111994 0.989408314 61.935684204 0.094735570 0.995479763 0.006726631 -0.889506698 -0.984888077 0.094707422 -0.145003319 18.447868347
-0.144061923 0.007924883 0.989536881 63.546749115 0.094585605 0.995499849 0.005797632 -0.877428651 -0.985037863 0.094431169 -0.144163251 18.216468811
-0.142833948 0.008617417 0.989709139 65.167831421 0.095795028 0.995387733 0.005158192 -0.872140884 -0.985099852 0.095545977 -0.143000722 17.975746155
-0.141963601 0.008100151 0.989838898 66.837135315 0.095451705 0.995418608 0.005543944 -0.874051452 -0.985259116 0.095268831 -0.142086387 17.738945007
-0.140823960 0.006692904 0.990012228 68.506423950 0.097149521 0.995244563 0.007090705 -0.861402988 -0.985256791 0.097177736 -0.140804410 17.490509033
-0.140329361 0.004691858 0.990093887 70.189170837 0.099698685 0.994973123 0.009415638 -0.864646673 -0.985072672 0.100032344 -0.140091658 17.256233215
-0.139425635 0.005984921 0.990214467 71.880348206 0.101481572 0.994803011 0.008276306 -0.855425596 -0.985018730 0.101642445 -0.139308333 17.013984680
-0.138597846 0.007635843 0.990319431 73.571716309 0.104150616 0.994537532 0.006907777 -0.862650156 -0.984857142 0.104099765 -0.138635993 16.777748108
-0.137722731 0.007440291 0.990443051 75.278610229 0.103185765 0.994638324 0.006876321 -0.858392477 -0.985081494 0.103146635 -0.137751937 16.540222168
-0.137794018 0.007089438 0.990435481 76.989746094 0.104366347 0.994511366 0.007401314 -0.869577646 -0.984946907 0.104387991 -0.137777567 16.326881409
-0.137280345 0.006265505 0.990512550 78.717781067 0.104567751 0.994483948 0.008201949 -0.862345219 -0.984997451 0.104701623 -0.137178302 16.089599609
-0.137154698 0.006510309 0.990528286 80.455825806 0.106008224 0.994331896 0.008143238 -0.855481148 -0.984860837 0.106121026 -0.137067437 15.857093811
-0.137108445 0.006229923 0.990536630 82.223594666 0.106819332 0.994241834 0.008532504 -0.847388029 -0.984779775 0.106978320 -0.136984348 15.612197876
-0.137068629 0.007412189 0.990533769 83.987823486 0.107400596 0.994188130 0.007422413 -0.837675095 -0.984721899 0.107401304 -0.137068033 15.364234924
-0.137607932 0.008464674 0.990450561 85.779304504 0.106962644 0.994242668 0.006363743 -0.826299906 -0.984694362 0.106816918 -0.137721181 15.117729187
-0.138608932 0.009057725 0.990305781 87.569351196 0.106301434 0.994317114 0.005784148 -0.829406261 -0.984625578 0.106072657 -0.138784051 14.870353699
-0.140162468 0.009759041 0.990080416 89.368728638 0.105321400 0.994425118 0.005108143 -0.821856260 -0.984510958 0.104992628 -0.140408874 14.631240845
-0.141188622 0.008671373 0.989944756 91.193969727 0.104327500 0.994523883 0.006167987 -0.825106621 -0.984470189 0.104149312 -0.141320109 14.373497009
-0.142084002 0.008553834 0.989817679 93.035255432 0.104646035 0.994488776 0.006427277 -0.822334051 -0.984307587 0.104493700 -0.142196059 14.107681274
-0.142448783 0.007518980 0.989773571 94.872978210 0.102088548 0.994749725 0.007135859 -0.817957878 -0.984523356 0.102061041 -0.142468452 13.851020813
-0.144087553 0.008286244 0.989530206 96.721672058 0.102299593 0.994731963 0.006566261 -0.820710659 -0.984262943 0.102174655 -0.144176126 13.587974548
-0.146398544 0.009209901 0.989182889 98.617103577 0.101261921 0.994843304 0.005724113 -0.811880827 -0.984029233 0.101004556 -0.146576285 13.296928406
-0.150445700 0.010196522 0.988565862 100.506317139 0.101895899 0.994781256 0.005246464 -0.809573174 -0.983353257 0.101520099 -0.150699615 13.008255005
-0.154921293 0.009131663 0.987884581 102.390975952 0.099932663 0.994973123 0.006474375 -0.813054323 -0.982859492 0.099724956 -0.155055046 12.721138000
-0.159834146 0.008278229 0.987109184 104.292526245 0.098828904 0.995074987 0.007657491 -0.819249630 -0.982184231 0.098778844 -0.159865141 12.424278259
-0.164076924 0.008872735 0.986407638 106.204261780 0.097483315 0.995210648 0.007263242 -0.820938826 -0.981618941 0.097350016 -0.164156079 12.101554871
-0.168660522 0.011012898 0.985612690 108.128776550 0.097946636 0.995175660 0.005641124 -0.812422991 -0.980795681 0.097488880 -0.168925524 11.772453308
-0.173119426 0.012583708 0.984820545 110.047729492 0.097780801 0.995197952 0.004472357 -0.820897579 -0.980035126 0.097070783 -0.173518538 11.439819336
-0.177874923 0.012730087 0.983970702 111.979553223 0.096675344 0.995305359 0.004599533 -0.829017162 -0.979292750 0.095943846 -0.178270578 11.096885681
-0.183216810 0.012257284 0.982996285 113.910789490 0.094908111 0.995472074 0.005276692 -0.838821650 -0.978480637 0.094261080 -0.183550477 10.757125854
-0.188085079 0.011831258 0.982081413 115.877365112 0.092936516 0.995655119 0.005804131 -0.833065987 -0.977745712 0.092362903 -0.188367486 10.378829956
-0.193117738 0.011389800 0.981109500 117.833892822 0.092437677 0.995696366 0.006635930 -0.838122845 -0.976811588 0.091972999 -0.193339467 9.997406006
-0.199100256 0.011053003 0.979916930 119.815048218 0.092026629 0.995728552 0.007466681 -0.825075150 -0.975648701 0.091665059 -0.199267030 9.605865479
-0.204358578 0.013207182 0.978807211 121.798072815 0.092859000 0.995661497 0.005952789 -0.816933155 -0.974482000 0.092107542 -0.204698324 9.193222046
-0.210293531 0.013613482 0.977543473 123.763732910 0.092062078 0.995735586 0.005937985 -0.826453686 -0.973293960 0.091243409 -0.210650086 8.779693604
-0.216210723 0.013353758 0.976255596 125.745216370 0.092415661 0.995696962 0.006847537 -0.827851295 -0.971963346 0.091701798 -0.216514468 8.349624634
-0.221578956 0.013618377 0.975047350 127.715568542 0.091928422 0.995741129 0.006983279 -0.820442200 -0.970799625 0.091181912 -0.221887231 7.905151367
-0.226913929 0.014443443 0.973807633 129.694366455 0.091409676 0.995791972 0.006530519 -0.820519447 -0.969615519 0.090497315 -0.227279305 7.455993652
-0.232253551 0.015018152 0.972539306 131.684921265 0.090597168 0.995867968 0.006257251 -0.822507381 -0.968426764 0.089562573 -0.232654572 6.994323730
-0.236653209 0.014181563 0.971490681 133.693603516 0.091705605 0.995755613 0.007803527 -0.820595264 -0.967256606 0.090937868 -0.236949205 6.507904053
-0.240753055 0.014127406 0.970483541 135.705139160 0.093875617 0.995545089 0.008796002 -0.814158916 -0.966035843 0.093222409 -0.241006732 6.015640259
-0.244170904 0.015228393 0.969612598 137.703887939 0.095200352 0.995423198 0.008339887 -0.805417538 -0.965047896 0.094343819 -0.244503140 5.512405396
-0.247036576 0.015931159 0.968875289 139.699493408 0.096055388 0.995342851 0.008125108 -0.807551861 -0.964233637 0.095072880 -0.247416377 5.004989624
-0.250184894 0.015556166 0.968073070 141.722213745 0.095342003 0.995407045 0.008644398 -0.810241222 -0.963492274 0.094460718 -0.250518918 4.483261108
-0.254232287 0.016125686 0.967008770 143.754806519 0.094152927 0.995524347 0.008152142 -0.811175346 -0.962549329 0.093119241 -0.254612684 3.953826904
-0.258569717 0.016971413 0.965843499 145.779876709 0.093468204 0.995593786 0.007528559 -0.810956478 -0.961460054 0.092222311 -0.259016752 3.415634155
-0.262471199 0.016146928 0.964804769 147.812454224 0.091997445 0.995724142 0.008363131 -0.810943127 -0.960544348 0.090954646 -0.262834430 2.868667603
-0.267006040 0.016655089 0.963550925 149.859268188 0.092119552 0.995713234 0.008315892 -0.807557583 -0.959281921 0.090982273 -0.267395616 2.312240601
-0.271582246 0.016972810 0.962265611 151.924362183 0.091470741 0.995773554 0.008252132 -0.807749271 -0.958058596 0.090260282 -0.271986842 1.745651245
-0.276279926 0.016954474 0.960927904 153.975158691 0.090925023 0.995820820 0.008572042 -0.805122852 -0.956766665 0.089740656 -0.276666880 1.172119141
-0.280576825 0.016556963 0.959688783 156.031463623 0.090920798 0.995813727 0.009401603 -0.801665783 -0.955515623 0.089893542 -0.280907631 0.580184937
-0.285102248 0.016627626 0.958353043 158.083541870 0.091428198 0.995762229 0.009922442 -0.798450947 -0.954126835 0.090449385 -0.285414219 -0.008346558
-0.288957715 0.017266035 0.957186162 160.149139404 0.092271097 0.995684743 0.009894543 -0.796730995 -0.952884853 0.091179721 -0.289304018 -0.627975464
-0.292600155 0.018646594 0.956053078 162.211944580 0.092799738 0.995644271 0.008982600 -0.790352345 -0.951721251 0.091349788 -0.293056011 -1.249938965
-0.296565413 0.020016279 0.954802871 164.300308228 0.092713811 0.995661259 0.007924432 -0.793638229 -0.950501621 0.090873517 -0.297134519 -1.879821777
-0.299939871 0.021144900 0.953723788 166.356155396 0.093422055 0.995599806 0.007307292 -0.794694424 -0.949372649 0.091290586 -0.300595522 -2.509841919
-0.303050160 0.021961242 0.952721477 168.444519043 0.093026727 0.995641470 0.006640187 -0.791718006 -0.948423207 0.090640873 -0.303772330 -3.168319702
-0.306522131 0.021946276 0.951610565 170.542053223 0.093442909 0.995599031 0.007138027 -0.797119617 -0.947265923 0.091109216 -0.307223797 -3.835403442
-0.310254097 0.022088788 0.950397134 172.630249023 0.093148664 0.995625675 0.007268093 -0.796528339 -0.946079254 0.090783171 -0.310954452 -4.518920898
-0.314227462 0.023131682 0.949065804 174.729431152 0.095453851 0.995406747 0.007342789 -0.792439938 -0.944536686 0.092899300 -0.314992189 -5.204833984
-0.317096114 0.023536265 0.948101282 176.831756592 0.097750671 0.995178878 0.007988144 -0.790361881 -0.943342388 0.095210552 -0.317867994 -5.908630371
-0.319375277 0.023048565 0.947347999 178.906005859 0.098430775 0.995103419 0.008973106 -0.789686203 -0.942502439 0.096113980 -0.320080161 -6.611251831
-0.322542787 0.022745837 0.946281493 181.036437988 0.098197155 0.995121121 0.009550993 -0.782753468 -0.941447496 0.096002750 -0.323202729 -7.325576782
-0.325525045 0.023343502 0.945245385 183.140533447 0.097391702 0.995205760 0.008962579 -0.780333042 -0.940504432 0.094976589 -0.326237798 -8.033630371
-0.327927470 0.025343869 0.944362938 185.242645264 0.097185805 0.995241344 0.007038214 -0.786608219 -0.939690709 0.094086692 -0.328830123 -8.763336182
-0.330885410 0.027260724 0.943277180 187.366760254 0.096849702 0.995285392 0.005209439 -0.788659573 -0.938687980 0.093079835 -0.331965566 -9.508087158
-0.333764076 0.028289769 0.942232072 189.478851318 0.096239500 0.995349348 0.004206052 -0.796072960 -0.937731087 0.092083767 -0.334934354 -10.255569458
-0.337192297 0.029162521 0.940984070 191.621704102 0.094423488 0.995527625 0.002982805 -0.800096512 -0.936688662 0.089856774 -0.338437915 -11.002670288
-0.340970874 0.029633014 0.939606726 193.774780273 0.095181420 0.995454967 0.003145742 -0.802968025 -0.935242951 0.090505712 -0.342241645 -11.768722534
-0.344963670 0.028707514 0.938176930 195.938125610 0.094773978 0.995489180 0.004386760 -0.808983803 -0.933819056 0.090428032 -0.346128345 -12.552474976
-0.348992825 0.027883546 0.936710477 198.084869385 0.094410241 0.995517969 0.005540589 -0.821447849 -0.932357609 0.090368688 -0.350061178 -13.326095581
-0.353098750 0.027979190 0.935167789 200.247299194 0.094603144 0.995497346 0.005935856 -0.827902317 -0.930791020 0.090565741 -0.354155779 -14.132141113
-0.357473612 0.028512606 0.933488071 202.391418457 0.093831807 0.995572746 0.005523378 -0.827853203 -0.929197788 0.089565322 -0.358566403 -14.924880981
-0.361393213 0.028806724 0.931968451 204.536804199 0.093053080 0.995647013 0.005308572 -0.843877792 -0.927758634 0.088641018 -0.362500668 -15.748657227
-0.365263939 0.029660337 0.930431366 206.700515747 0.093053848 0.995649576 0.004791230 -0.849004745 -0.926241457 0.088330284 -0.366434813 -16.569824219
-0.368347168 0.030257290 0.929195762 208.852264404 0.093754999 0.995584011 0.004746815 -0.859518528 -0.924948812 0.088865228 -0.369557381 -17.418518066
-0.371590495 0.030146046 0.927907169 211.019348145 0.094693758 0.995490789 0.005579426 -0.861694813 -0.923554897 0.089940280 -0.372769475 -18.271728516
-0.374135494 0.029616289 0.926900983 213.170898438 0.096079923 0.995349169 0.006978484 -0.872188568 -0.922383487 0.091667481 -0.375241041 -19.139343262
-0.376531601 0.030462408 0.925902843 215.329818726 0.097138144 0.995247960 0.006758732 -0.876097202 -0.921297014 0.092485353 -0.377701402 -20.030639648
-0.380104542 0.031260900 0.924415171 217.498031616 0.096826516 0.995282233 0.006156084 -0.879946232 -0.919861555 0.091847844 -0.381338239 -20.904998779
-0.382849216 0.031261880 0.923281729 219.662933350 0.095892772 0.995373249 0.006060164 -0.885611534 -0.918820441 0.090856172 -0.384075642 -21.798248291
-0.386163354 0.032467216 0.921858966 221.814331055 0.095419228 0.995425045 0.004912592 -0.893751144 -0.917481959 0.089860126 -0.387494683 -22.692840576
-0.389509201 0.033713859 0.920405328 223.970306396 0.095227309 0.995448172 0.003836909 -0.903061390 -0.916086435 0.089142233 -0.390946627 -23.589691162
-0.392178059 0.033661142 0.919273257 226.113647461 0.092813477 0.995678544 0.003136969 -0.913047791 -0.915195048 0.086551197 -0.393607497 -24.495117188
-0.395642042 0.034696460 0.917749107 228.256713867 0.093557477 0.995610237 0.002692596 -0.924664497 -0.913627028 0.086927600 -0.397151470 -25.400848389
-0.398511052 0.034230888 0.916524470 230.415252686 0.094778255 0.995490253 0.004030083 -0.940843582 -0.912253261 0.088472620 -0.399958253 -26.331359863
-0.401867986 0.033267304 0.915093303 232.567199707 0.094915688 0.995470166 0.005493377 -0.955389977 -0.910765350 0.089064308 -0.403205156 -27.258728027
-0.405261040 0.032745544 0.913614392 234.698348999 0.093744539 0.995578825 0.005899899 -0.965953350 -0.909381926 0.088037364 -0.406538963 -28.195495605
-0.408040166 0.033138640 0.912362635 236.835998535 0.092460938 0.995702803 0.005186004 -0.972961903 -0.908270180 0.086473987 -0.409350753 -29.150207520
-0.411842465 0.032251194 0.910684168 238.944320679 0.090777710 0.995854378 0.005785340 -0.984851360 -0.906722248 0.085052475 -0.413062811 -30.095245361
-0.415569544 0.031500205 0.909016013 241.086975098 0.089630470 0.995954096 0.006462938 -0.996536255 -0.905134618 0.084161319 -0.416711569 -31.055908203
-0.419137001 0.031953644 0.907360673 243.223114014 0.089404874 0.995975912 0.006224448 -1.004599094 -0.903510451 0.083731353 -0.420307159 -32.032073975
-0.422969222 0.031794708 0.905586064 245.351837158 0.088895604 0.996019423 0.006550409 -1.012321949 -0.901772976 0.083273247 -0.424111962 -33.019989014
-0.427095532 0.031192094 0.903668463 247.509735107 0.087694906 0.996122360 0.007063380 -1.019193172 -0.899944007 0.082263850 -0.428174853 -34.023162842
-0.430921197 0.031154281 0.901851654 249.605590820 0.086841211 0.996196985 0.007080887 -1.020592690 -0.898201346 0.081369191 -0.431987882 -35.018188477
-0.434927344 0.032001026 0.899896920 251.728454590 0.086955458 0.996190310 0.006600958 -1.029371738 -0.896257341 0.081121869 -0.436053157 -36.025726318
-0.438615918 0.032395441 0.898090422 253.833251953 0.087241203 0.996164858 0.006674371 -1.041994095 -0.894429922 0.081277981 -0.439759970 -37.033355713
-0.442779183 0.032282002 0.896049380 255.959655762 0.086902946 0.996191800 0.007052904 -1.048324108 -0.892409384 0.080992207 -0.443898439 -38.051818848
-0.446373224 0.032703228 0.894249201 258.062561035 0.085801519 0.996291757 0.006393675 -1.054781437 -0.890724003 0.079581894 -0.447523952 -39.092834473
-0.450102210 0.033220612 0.892358899 260.168487549 0.086286604 0.996249557 0.006434368 -1.057521343 -0.888798416 0.079894744 -0.451280594 -40.154357910
-0.453634739 0.033475447 0.890558779 262.269042969 0.086405694 0.996238410 0.006565651 -1.060101509 -0.886989057 0.079927750 -0.454820752 -41.221466064
-0.457465053 0.035041358 0.888536930 264.406585693 0.087974988 0.996104538 0.006010578 -1.061245918 -0.884865046 0.080918655 -0.458765745 -42.316955566
-0.460812807 0.037228059 0.886716247 266.519470215 0.090129137 0.995917380 0.005025944 -1.066479683 -0.882909060 0.082234986 -0.462286830 -43.409698486
-0.463936806 0.037881382 0.885058045 268.641448975 0.091116212 0.995827019 0.005139616 -1.074992180 -0.881169975 0.083027586 -0.465452433 -44.510498047
-0.466568708 0.040155388 0.883572936 270.760528564 0.093099512 0.995649099 0.003912123 -1.078429222 -0.879571557 0.084085487 -0.468277216 -45.627716064
-0.469135880 0.042736474 0.882091403 272.885620117 0.095018797 0.995472789 0.002305572 -1.088415146 -0.877999425 0.084896885 -0.471072793 -46.746429443
-0.472009182 0.043364897 0.880526662 275.022979736 0.096019283 0.995376468 0.002450319 -1.096111298 -0.876349211 0.085704103 -0.473990798 -47.890747070
-0.475211740 0.044394027 0.878750741 277.170654297 0.096232489 0.995357335 0.001755777 -1.104648113 -0.874593079 0.085398749 -0.477277637 -49.029907227
-0.478873730 0.044314265 0.876764536 279.340240479 0.095157906 0.995460808 0.001660097 -1.108666897 -0.872711182 0.084226064 -0.480916858 -50.191253662
-0.482378602 0.045757834 0.874766886 281.497131348 0.096352495 0.995346725 0.001067110 -1.117236614 -0.870647490 0.084800728 -0.484542847 -51.361968994
-0.485211849 0.046146467 0.873178124 283.651184082 0.095675573 0.995412409 0.000559046 -1.124725342 -0.869146526 0.083813071 -0.487401009 -52.557250977
-0.487871408 0.045931138 0.871706486 285.813446045 0.094032370 0.995569110 0.000169847 -1.136130810 -0.867836297 0.082051478 -0.490028739 -53.755401611
-0.490207314 0.046822652 0.870347381 287.974639893 0.095915765 0.995389342 0.000473181 -1.149993420 -0.866312325 0.083711989 -0.492438078 -54.958099365
-0.492251039 0.046811488 0.869193733 290.164306641 0.097800545 0.995204449 0.001789494 -1.168869019 -0.864941657 0.085888490 -0.494468570 -56.187988281
-0.494325757 0.047205988 0.867994130 292.357574463 0.098611124 0.995123982 0.002039410 -1.166147232 -0.863665462 0.086602010 -0.496570349 -57.435302734
-0.496167421 0.046475329 0.866981983 294.526489258 0.098174594 0.995165169 0.002837916 -1.179331779 -0.862658381 0.086523689 -0.498331189 -58.667816162
-0.498531461 0.046051785 0.865647495 296.702209473 0.098044753 0.995175779 0.003521954 -1.186131001 -0.861309230 0.086627997 -0.500641584 -59.897277832
-0.501421332 0.046362322 0.863960207 298.897491455 0.099487245 0.995029330 0.004344126 -1.189332008 -0.859464347 0.088131256 -0.503541470 -61.149322510
-0.503830671 0.045541376 0.862601161 301.104431152 0.098741904 0.995099843 0.005136763 -1.184253216 -0.858140349 0.087762929 -0.505858660 -62.428588867
-0.506016254 0.046190944 0.861286342 303.306640625 0.098483115 0.995128572 0.004491097 -1.198518753 -0.856883228 0.087094724 -0.508100271 -63.699951172
-0.509197474 0.048456378 0.859284580 305.521484375 0.097725473 0.995211780 0.001788930 -1.200091362 -0.855083466 0.084884912 -0.511494756 -64.987548828
-0.512421012 0.047529519 0.857418060 307.710754395 0.096012011 0.995377719 0.002202829 -1.215342999 -0.853350163 0.083451204 -0.514615893 -66.284423828
-0.516833663 0.045962375 0.854851246 309.921081543 0.094282515 0.995539427 0.003475472 -1.226120472 -0.850878417 0.082393758 -0.518861651 -67.605407715
-0.521800280 0.043110602 0.851977944 312.118408203 0.091276161 0.995810330 0.005514133 -1.226659775 -0.848170757 0.080642544 -0.523549080 -68.924041748
-0.526317954 0.041542180 0.849272490 314.319824219 0.089833297 0.995932519 0.006956146 -1.225552082 -0.845529139 0.079954088 -0.527909040 -70.271484375
-0.530817747 0.042188477 0.846435428 316.559936523 0.090685867 0.995853245 0.007235188 -1.221642971 -0.842620254 0.080600291 -0.532442451 -71.660888672
-0.535064936 0.043920740 0.843668580 318.775939941 0.093228519 0.995617986 0.007295550 -1.211686611 -0.839651227 0.082557559 -0.536814928 -73.045379639
-0.539317608 0.044674225 0.840916812 321.000061035 0.093749382 0.995569527 0.007235407 -1.206655502 -0.836867929 0.082737602 -0.541116357 -74.445281982
-0.543283105 0.044741616 0.838356555 323.219238281 0.094672024 0.995474577 0.008223914 -1.206888676 -0.834194660 0.083836824 -0.545060277 -75.858245850
-0.547454357 0.043291457 0.835715055 325.440429688 0.094526567 0.995468497 0.010354839 -1.200717449 -0.831479728 0.084666073 -0.549065709 -77.295166016
-0.551397800 0.041855697 0.833191931 327.670166016 0.093371548 0.995561659 0.011779914 -1.200473309 -0.829000890 0.084291838 -0.552858591 -78.754974365
-0.555551887 0.041191243 0.830460906 329.880737305 0.092145868 0.995670080 0.012256954 -1.196712494 -0.826360226 0.083332911 -0.556942105 -80.208129883
-0.559779763 0.041062694 0.827623427 332.081512451 0.092312790 0.995644689 0.013038516 -1.190649509 -0.823483467 0.083698921 -0.561132431 -81.672363281
-0.563709974 0.041149236 0.824947238 334.273681641 0.093057178 0.995563328 0.013928864 -1.176814079 -0.820714056 0.084619105 -0.565038204 -83.151458740
-0.567963004 0.040766034 0.822043896 336.469818115 0.093471177 0.995505750 0.015212505 -1.160171509 -0.817729294 0.085477553 -0.569220901 -84.639068604
-0.571290612 0.039827935 0.819780946 338.664733887 0.092079230 0.995626390 0.015797218 -1.145469666 -0.815566361 0.084509596 -0.572459340 -86.150085449
-0.574715018 0.038783655 0.817434371 340.855712891 0.091795415 0.995627582 0.017300598 -1.128048897 -0.813189209 0.084979624 -0.575762272 -87.672088623
-0.577232838 0.038085897 0.815691113 343.028991699 0.092421405 0.995540202 0.018919688 -1.113784790 -0.811332703 0.086308375 -0.578178525 -89.200073242
-0.580416679 0.037224762 0.813468397 345.219421387 0.089733712 0.995794773 0.018457657 -1.089209557 -0.809360445 0.083708666 -0.581316233 -90.736450195
-0.583938599 0.036401737 0.810981333 347.406250000 0.086208254 0.996125877 0.017361199 -1.066593170 -0.807207525 0.080051154 -0.584814429 -92.271118164
-0.587129593 0.035855364 0.808698416 349.536560059 0.082688995 0.996449292 0.015854007 -1.038642883 -0.805258512 0.076178819 -0.588009715 -93.773406982
-0.589353919 0.032861020 0.807206571 351.741973877 0.080665030 0.996572793 0.018324731 -1.029810905 -0.803837955 0.075913079 -0.589984894 -95.406097412
-0.592794418 0.032169171 0.804711044 353.910308838 0.081329107 0.996485114 0.020075962 -1.005133629 -0.801236749 0.077347353 -0.593327165 -96.972747803
-0.595396042 0.032466207 0.802776337 356.051330566 0.080943540 0.996523380 0.019731671 -0.980411530 -0.799344718 0.076727703 -0.595953941 -98.555847168
-0.599301338 0.031464431 0.799904883 358.209472656 0.078981690 0.996676028 0.019969860 -0.953124046 -0.796617687 0.075145803 -0.599794388 -100.115844727
-0.602568746 0.027617902 0.797588885 360.372680664 0.076381974 0.996808946 0.023189420 -0.925334930 -0.794403315 0.074894637 -0.602755427 -101.713592529
-0.606040239 0.025410248 0.795028150 362.472106934 0.074230336 0.996934652 0.024721399 -0.895297050 -0.791962922 0.073997363 -0.606068730 -103.266754150
-0.609655380 0.024140695 0.792299271 364.630371094 0.072328091 0.997060597 0.025275111 -0.853302002 -0.789360166 0.072714582 -0.609609365 -104.868377686
-0.611843228 0.024935847 0.790585935 366.755554199 0.072745860 0.997040868 0.024851192 -0.815980911 -0.787626803 0.072716884 -0.611846685 -106.513702393
-0.614724159 0.024301847 0.788367629 368.888916016 0.072203659 0.997062206 0.025565334 -0.778545380 -0.785430312 0.072638661 -0.614672899 -108.136169434
-0.617509723 0.023205986 0.786220729 370.996887207 0.071584478 0.997074604 0.026794026 -0.748883247 -0.783298969 0.072826780 -0.617364526 -109.762969971
-0.620150447 0.021847190 0.784178674 373.108398438 0.068546347 0.997297943 0.026423680 -0.711697578 -0.781482518 0.070139237 -0.619972348 -111.411468506
-0.622885942 0.018156268 0.782102108 375.227416992 0.058539458 0.998009562 0.023453802 -0.677799225 -0.780119538 0.060392871 -0.622708917 -113.066375732
-0.626905203 0.020543281 0.778824985 377.370574951 0.050929558 0.998594701 0.014654875 -0.655063152 -0.777429461 0.048852421 -0.627070427 -114.728515625
-0.629515648 0.030908756 0.776372850 379.415283203 0.061145715 0.998080313 0.009844188 -0.648366451 -0.774578214 0.053668942 -0.630197048 -116.357574463
-0.629769325 0.032471698 0.776103377 381.488586426 0.069041312 0.997511446 0.014288301 -0.642570972 -0.773708105 0.062581524 -0.630443931 -118.054931641
-0.631912351 0.023666793 0.774678528 383.597717285 0.068495147 0.997327983 0.025403272 -0.613067627 -0.772007346 0.069114350 -0.631844878 -119.753143311
-0.635046959 0.012418642 0.772373796 385.661437988 0.061715893 0.997490227 0.034704719 -0.560931206 -0.770004332 0.069706857 -0.634219527 -121.414642334
-0.639027238 0.005859973 0.769161940 387.771423340 0.055007849 0.997758746 0.038099483 -0.492114067 -0.767214835 0.066656545 -0.637917399 -123.100311279
-0.640689611 0.005876658 0.767777562 389.768066406 0.054756004 0.997774303 0.038055327 -0.429790497 -0.765845060 0.066422082 -0.639585376 -124.769836426
-0.643449426 0.011035591 0.765409112 391.835815430 0.059926048 0.997553647 0.035994854 -0.369207382 -0.763139427 0.069028810 -0.642536640 -126.471252441
-0.645763159 0.018135898 0.763322532 393.870788574 0.065383300 0.997359216 0.031617198 -0.311843872 -0.760733306 0.070325762 -0.645243645 -128.182739258
-0.648196936 0.020593138 0.761194348 395.931579590 0.065529034 0.997434497 0.028817086 -0.255732536 -0.758648038 0.068559468 -0.647883415 -129.905609131
-0.651271820 0.020714553 0.758561969 398.003417969 0.065381885 0.997441828 0.028896526 -0.205398560 -0.756022871 0.068415694 -0.650960088 -131.650848389
-0.654137015 0.019967303 0.756112695 400.009948730 0.066146508 0.997331738 0.030888049 -0.158402443 -0.753478408 0.070219219 -0.653712273 -133.375793457
-0.656268716 0.019446373 0.754276812 402.041320801 0.066946782 0.997225881 0.032537982 -0.100646019 -0.751551628 0.071850054 -0.655750036 -135.130676270
-0.658234596 0.019892460 0.752550125 404.074951172 0.067300178 0.997203112 0.032506112 -0.044439316 -0.749798656 0.072043397 -0.657732248 -136.864624023
-0.659922004 0.019900823 0.751070619 406.107421875 0.067462094 0.997180820 0.032853097 0.011908531 -0.748299360 0.072349273 -0.659404039 -138.621215820
-0.660619497 0.020675661 0.750436068 408.130310059 0.068507709 0.997110069 0.032836400 0.064436913 -0.747588456 0.073103026 -0.660126805 -140.400817871
-0.661821485 0.019975448 0.749395311 410.144287109 0.069864355 0.996937871 0.035126258 0.121945381 -0.746398866 0.075603329 -0.661190510 -142.173156738
-0.662774682 0.019517161 0.748564482 412.147949219 0.071890779 0.996701121 0.037664905 0.178400993 -0.745359957 0.078778230 -0.661991358 -143.921997070
-0.663678646 0.019437959 0.747765601 414.161437988 0.073382609 0.996532142 0.039226059 0.253639221 -0.744409978 0.080906466 -0.662803531 -145.699218750
-0.664823413 0.019248251 0.746752501 416.157958984 0.071779557 0.996688247 0.038213767 0.321874619 -0.743543863 0.079006970 -0.664003372 -147.469970703
-0.666151047 0.019303862 0.745567143 418.138916016 0.067612678 0.997111738 0.034593992 0.395488739 -0.742745936 0.073454611 -0.665532231 -149.219665527
-0.667831540 0.018648433 0.744078934 420.125488281 0.064618818 0.997364223 0.033000797 0.458347321 -0.741502285 0.070120469 -0.667276382 -150.972412109
-0.668810844 0.017495496 0.743226767 422.088806152 0.063854195 0.997380495 0.033982508 0.505472183 -0.740685344 0.070186019 -0.668176055 -152.717956543
-0.669732213 0.016136814 0.742427289 424.076812744 0.061543796 0.997530699 0.033836175 0.566287041 -0.740047991 0.068352975 -0.669071555 -154.494689941
-0.670971513 0.015366305 0.741324127 426.024993896 0.058851723 0.997734785 0.032585375 0.625982285 -0.739144146 0.065492049 -0.670355916 -156.225585938
-0.671616435 0.014514274 0.740756869 428.005035400 0.057786345 0.997788608 0.032842189 0.683518410 -0.738642097 0.064862989 -0.670969963 -158.005981445
-0.672456861 0.013651222 0.740010560 429.962463379 0.059061266 0.997631252 0.035266064 0.735490799 -0.737776220 0.067420863 -0.671670198 -159.763549805
-0.672219515 0.013011434 0.740237832 431.927520752 0.062115952 0.997311413 0.038878173 0.804613113 -0.737741768 0.072115228 -0.671220422 -161.548400879
-0.671683311 0.011598929 0.740747631 433.864135742 0.066314086 0.996804953 0.044522844 0.877519608 -0.737864494 0.079027250 -0.670306444 -163.283508301
-0.670227170 0.010935559 0.742075384 435.833770752 0.069837645 0.996383905 0.048392758 0.967514038 -0.738862753 0.084258944 -0.668567300 -165.053405762
-0.668806553 0.008220837 0.743390977 437.794982910 0.063874096 0.996876776 0.046441581 1.058393478 -0.740687430 0.078543864 -0.667242765 -166.790161133
-0.667898893 0.007625254 0.744213045 439.760314941 0.056974340 0.997537076 0.040911168 1.144435883 -0.742068112 0.069725566 -0.666688323 -168.520446777
-0.667111158 0.004753252 0.744943142 441.763305664 0.051083464 0.997917712 0.039378833 1.221563339 -0.743204772 0.064324327 -0.665964842 -170.266113281
-0.664615631 0.004546564 0.747171819 443.731872559 0.049594413 0.998044729 0.038041506 1.289699554 -0.745537937 0.062338520 -0.663541555 -171.991699219
-0.661783218 0.006037827 0.749670982 445.720245361 0.052705437 0.997868061 0.038489711 1.363985062 -0.747840285 0.064983577 -0.660690546 -173.731567383
-0.659065127 0.005751330 0.752064049 447.717987061 0.053309061 0.997812808 0.039086282 1.429693222 -0.750194311 0.065852225 -0.657930255 -175.476684570
-0.656508327 0.006573141 0.754290223 449.717102051 0.050737873 0.998082161 0.035462871 1.497512817 -0.752610505 0.061552748 -0.655582786 -177.190246582
-0.655045986 0.001453906 0.755587578 451.734619141 0.043662239 0.998399973 0.035931237 1.560680389 -0.754326403 0.056527257 -0.654061317 -178.918457031
-0.654136896 -0.004685118 0.756361723 453.759582520 0.035483830 0.998689711 0.036874235 1.618888855 -0.755543470 0.050959408 -0.653113484 -180.629943848
-0.653411865 -0.008238896 0.756957889 455.784301758 0.028169412 0.998983562 0.035189208 1.681985855 -0.756478429 0.044316102 -0.652515650 -182.338317871
-0.652775764 -0.008496981 0.757503510 457.788146973 0.026999563 0.999040842 0.034473099 1.747606277 -0.757069886 0.042955466 -0.651920319 -184.030151367
-0.651601911 -0.008154633 0.758517325 459.802886963 0.029202115 0.998931348 0.035825249 1.815487862 -0.757998824 0.045494106 -0.650667429 -185.748413086
-0.650454640 -0.009175285 0.759489775 461.822662354 0.030680919 0.998793542 0.038342532 1.879796982 -0.758925259 0.048241917 -0.649388433 -187.463684082
-0.649258018 -0.011842788 0.760476112 463.835235596 0.028996382 0.998766422 0.040309366 1.939750671 -0.760015368 0.048222233 -0.648113608 -189.149780273
-0.648268461 -0.012053696 0.761316597 465.848205566 0.026554810 0.998908520 0.038427092 2.029655457 -0.760948837 0.045127682 -0.647240877 -190.836608887
-0.647446036 -0.011242866 0.762028515 467.861328125 0.025411282 0.999016702 0.036329672 2.088795662 -0.761687636 0.042885616 -0.646523714 -192.503601074
-0.646551251 -0.009730253 0.762808442 469.897094727 0.026264137 0.999041975 0.035004914 2.151698112 -0.762418270 0.042666979 -0.645676255 -194.206115723
-0.645620108 -0.009311285 0.763602257 471.919860840 0.028273614 0.998948634 0.036086205 2.207040787 -0.763135433 0.044887763 -0.644678116 -195.888793945
