1.000000000 0.000000000 0.000000000 0.000000000 0.000000000 1.000000000 0.000000000 0.000000000 0.000000000 0.000000000 1.000000000 0.000000000
0.999873340 0.001540547 0.015839258 0.009474166 -0.001525611 0.999998391 -0.000955045 -0.002819913 -0.015840704 0.000930759 0.999874115 0.127295196
0.999290466 0.004340980 0.037412804 0.025119429 -0.004327585 0.999990523 -0.000438987 -0.003448644 -0.037414353 0.000276769 0.999299824 0.273906678
0.997894049 0.005964749 0.064590193 0.054533605 -0.006039409 0.999981284 0.000960708 -0.003570109 -0.064583249 -0.001348771 0.997911394 0.437148035
0.995129287 0.005700913 0.098413281 0.102389969 -0.006050318 0.999976397 0.003252308 -0.003928408 -0.098392412 -0.003831899 0.995140314 0.610855460
0.990642667 0.002434041 0.136459351 0.164756879 -0.003181498 0.999981105 0.005259678 -0.003836875 -0.136443973 -0.005644607 0.990631700 0.799668074
0.984360695 -0.000428521 0.176164314 0.239743099 -0.000573381 0.999983966 0.005636370 -0.004442724 -0.176163897 -0.005649230 0.984344661 0.994647205
0.975577891 -0.000509959 0.219653293 0.322182715 -0.000979646 0.999977231 0.006672642 -0.000594593 -0.219651699 -0.006724865 0.975555182 1.197259307
0.963442087 -0.000351762 0.267916560 0.416964501 -0.002263856 0.999952734 0.009453841 0.003706418 -0.267907232 -0.009714753 0.963395715 1.414446115
0.949005008 -0.004290737 0.315231860 0.533418715 -0.001037960 0.999859452 0.016734231 -0.001858812 -0.315259367 -0.016208068 0.948867142 1.627344370
0.931986928 -0.013575863 0.362237602 0.675776660 0.004969626 0.999683082 0.024679752 -0.004667569 -0.362457842 -0.021201020 0.931759000 1.844314694
0.910568714 -0.018330775 0.412951022 0.827217221 0.007007416 0.999557197 0.028918503 -0.002638060 -0.413298279 -0.023438565 0.910293996 2.062567711
0.885159373 -0.019658091 0.464872509 1.000658393 0.004967468 0.999449432 0.032805264 0.003236575 -0.465261459 -0.026728649 0.884769678 2.295795202
0.856721461 -0.022412557 0.515292168 1.181483388 0.003404719 0.999279439 0.037802853 -0.002169765 -0.515768111 -0.030632094 0.856180429 2.510058403
0.824287117 -0.026596701 0.565546930 1.375615597 0.003764965 0.999131382 0.041499980 0.011629972 -0.566159487 -0.032078635 0.823671281 2.714890003
0.788159013 -0.031897515 0.614644527 1.613596559 0.005477185 0.998980105 0.044819549 0.015604917 -0.615447283 -0.031958412 0.787529886 2.932917833
0.749710560 -0.035504051 0.660812795 1.854763031 0.005669182 0.998867691 0.047235172 0.024732113 -0.661741555 -0.031666443 0.749063015 3.145209074
0.709710836 -0.039048508 0.703410089 2.121057034 0.007134249 0.998809874 0.048248924 0.035459928 -0.704456985 -0.029224480 0.709144711 3.349092484
0.667454660 -0.040877789 0.743527651 2.416632175 0.005893375 0.998750806 0.049619094 0.044810038 -0.744627178 -0.028736610 0.666861773 3.563550949
0.624163389 -0.040420152 0.780247569 2.743021488 0.000469951 0.998680115 0.051359951 0.069174305 -0.781293690 -0.031690326 0.623358607 3.789773941
0.582562327 -0.041007094 0.811750889 3.091363907 -0.002471443 0.998632491 0.052221421 0.086855769 -0.812782228 -0.032428429 0.581664324 4.000358105
0.542022109 -0.042085350 0.839309752 3.473554373 -0.004347003 0.998591423 0.052879456 0.108362451 -0.840352952 -0.032310314 0.541075706 4.210434914
0.502956390 -0.044186145 0.863181651 3.880850554 -0.006214422 0.998481691 0.054733142 0.125827491 -0.864289522 -0.032892559 0.501918137 4.419645309
0.466057122 -0.044066269 0.883656621 4.307242393 -0.008908775 0.998474538 0.054490678 0.141348332 -0.884709835 -0.033268064 0.464953542 4.615338326
0.428949594 -0.043225858 0.902293563 4.770264626 -0.010104680 0.998562336 0.052641526 0.165315568 -0.903271854 -0.031697951 0.427896142 4.815375328
0.395317137 -0.041897673 0.917588770 5.260326385 -0.008824829 0.998739839 0.049405016 0.187444687 -0.918502450 -0.027628217 0.394449234 4.998687744
0.366386294 -0.040073823 0.929599583 5.786971092 -0.006365051 0.998940766 0.045571718 0.210657835 -0.930441141 -0.022613805 0.365743160 5.170197964
0.340682745 -0.038239349 0.939400434 6.333139896 -0.005239312 0.999079823 0.042568758 0.236501530 -0.940163791 -0.019424258 0.340168893 5.352867126
0.320460856 -0.037803520 0.946507096 6.902183533 -0.004101010 0.999138594 0.041294105 0.257985801 -0.947252810 -0.017114777 0.320029795 5.532240391
0.305696428 -0.038415294 0.951353788 7.495003700 -0.002878573 0.999143898 0.041270010 0.278660476 -0.952124715 -0.015354640 0.305324137 5.715835094
0.295083940 -0.039210763 0.954666436 8.147969246 -0.001934963 0.999131024 0.041635137 0.312973171 -0.955469429 -0.014133106 0.294751644 5.897476673
0.284091234 -0.041122537 0.957915068 8.798717499 -0.003317077 0.999031663 0.043871399 0.337353826 -0.958791614 -0.015640961 0.283679724 6.089191914
0.273359001 -0.042733487 0.960962474 9.472127914 -0.004599695 0.998943210 0.045730922 0.366956919 -0.961901188 -0.016921097 0.272873580 6.281961441
0.263243318 -0.044562012 0.963699818 10.167710304 -0.005555381 0.998846054 0.047704700 0.393617749 -0.964713573 -0.017911667 0.262691975 6.467437744
0.253379405 -0.046677615 0.966240227 10.905014038 -0.006568552 0.998729110 0.049969595 0.416633457 -0.967344701 -0.019008072 0.252750814 6.655782700
0.242974162 -0.047631945 0.968862593 11.647056580 -0.006711322 0.998687267 0.050781291 0.455582350 -0.970009506 -0.018840892 0.242335558 6.840345383
0.232710958 -0.049126800 0.971304476 12.410912514 -0.006655993 0.998619556 0.052103039 0.487539560 -0.972523272 -0.018589947 0.232062697 7.016029358
0.222459793 -0.051738609 0.973568141 13.192852974 -0.008175840 0.998456776 0.054929450 0.522250235 -0.974907637 -0.020179333 0.221693456 7.189742088
0.210821688 -0.055675413 0.975937784 13.985424995 -0.009882938 0.998204291 0.059080593 0.550529718 -0.977474630 -0.022100607 0.209892869 7.370788574
0.199043512 -0.059533026 0.978180826 14.784175873 -0.010544184 0.997965217 0.062882699 0.588209629 -0.979934037 -0.022830518 0.198010802 7.525166512
0.186178982 -0.061900198 0.980564058 15.577348709 -0.011414958 0.997809768 0.065156229 0.622339129 -0.982449591 -0.023323819 0.185064614 7.669744492
0.172998011 -0.062576823 0.982932329 16.388933182 -0.011769515 0.997777045 0.065593354 0.657643199 -0.984851897 -0.022916159 0.171876907 7.800873756
0.156474710 -0.060735080 0.985812783 17.215917587 -0.012971726 0.997895062 0.063538417 0.709074140 -0.987596750 -0.022729853 0.155357540 7.961520195
0.140124083 -0.059874970 0.988322020 18.032812119 -0.013471918 0.997962236 0.062369056 0.744642377 -0.990042388 -0.022054004 0.139031887 8.071903229
0.119881511 -0.057833981 0.991102219 18.852355957 -0.016216265 0.998054564 0.060201153 0.785805583 -0.992655754 -0.023288980 0.118710458 8.164535522
0.094000697 -0.056243446 0.993982255 19.681913376 -0.020248199 0.998088419 0.058390666 0.822779119 -0.995366275 -0.025615118 0.092682183 8.246217728
0.063482344 -0.056537200 0.996380270 20.527057648 -0.024559487 0.998003125 0.058194049 0.848917007 -0.997680783 -0.028164886 0.061967075 8.302793503
0.029468298 -0.056552455 0.997964799 21.372463226 -0.028005742 0.997959554 0.057379138 0.881570280 -0.999173462 -0.029639615 0.027824342 8.333318710
-0.004442096 -0.056407265 0.998398066 22.208740234 -0.029113827 0.997991860 0.056254789 0.908472061 -0.999566317 -0.028817298 -0.006075382 8.316165924
-0.038380027 -0.055109713 0.997742474 23.041843414 -0.030475302 0.998078167 0.053955972 0.937023759 -0.998798490 -0.028335677 -0.039985776 8.279388428
-0.070657253 -0.052659202 0.996109843 23.918388367 -0.032603633 0.998193920 0.050456706 0.973344684 -0.996967793 -0.028911661 -0.072246552 8.206218719
-0.103501558 -0.049467366 0.993398428 24.775896072 -0.034582902 0.998337567 0.046110142 0.999321818 -0.994027913 -0.029582124 -0.105040193 8.122119904
-0.135984778 -0.045332015 0.989673316 25.620376587 -0.031716302 0.998639762 0.041384786 1.017292023 -0.990203202 -0.025761077 -0.137237549 7.993316650
-0.167340517 -0.039031155 0.985126257 26.450183868 -0.026289262 0.999037385 0.035116639 1.035713434 -0.985548615 -0.020021802 -0.168205619 7.831905365
-0.197610497 -0.032963607 0.979726255 27.292594910 -0.019722950 0.999365866 0.029646283 1.047139406 -0.980082214 -0.013464675 -0.198135257 7.647693634
-0.226749301 -0.027136631 0.973575115 28.108242035 -0.014531367 0.999594748 0.024477474 1.054559946 -0.973844826 -0.008597126 -0.227051735 7.449522018
-0.254541755 -0.021035584 0.966833174 28.924835205 -0.005916659 0.999778569 0.020194685 1.057133555 -0.967043877 -0.000580034 -0.254609823 7.213638306
-0.280636668 -0.010458098 0.959757090 29.738609314 0.000176045 0.999940038 0.010947432 1.054492712 -0.959814072 0.003241210 -0.280617952 6.957126617
-0.306281447 0.005326347 0.951926112 30.526340485 0.005063695 0.999979317 -0.003965980 1.042193413 -0.951927543 0.003605558 -0.306302071 6.689510345
-0.330582857 0.022128046 0.943517625 31.312847137 0.005512559 0.999753296 -0.021515477 1.016623735 -0.943760931 -0.001911450 -0.330623269 6.405574799
-0.355956316 0.036955826 0.933771729 32.088989258 0.005894025 0.999286652 -0.037301891 0.984584153 -0.934484184 -0.007774163 -0.355920315 6.103591919
-0.380263329 0.047258046 0.923670292 32.852828979 0.009674364 0.998842299 -0.047121290 0.939534783 -0.924827874 -0.008982569 -0.380280375 5.780464172
-0.403571606 0.051729821 0.913484693 33.614345551 0.012528004 0.998619258 -0.051016130 0.893417120 -0.914862454 -0.009144515 -0.403662443 5.435680389
-0.426267862 0.051354285 0.903138101 34.364910126 0.016177174 0.998660386 -0.049150489 0.839321136 -0.904452324 -0.006341052 -0.426527619 5.072101593
-0.446127295 0.046942368 0.893737793 35.108428955 0.019832015 0.998896778 -0.042566162 0.782087922 -0.894749999 -0.001265296 -0.446566105 4.684375763
-0.463951468 0.045830376 0.884674549 35.830932617 0.027816229 0.998922050 -0.037161242 0.730989337 -0.885424018 0.007367299 -0.464726210 4.286026001
-0.477841496 0.046209715 0.877229810 36.549793243 0.030015200 0.998891234 -0.036268685 0.685134530 -0.877933145 0.008999545 -0.478698730 3.894306183
-0.488837004 0.050546225 0.870909393 37.246551514 0.033919495 0.998666406 -0.038922194 0.642476797 -0.871715307 0.010514200 -0.489899516 3.491474152
-0.498508930 0.052690141 0.865281820 37.938823700 0.034178965 0.998569667 -0.041115224 0.595582128 -0.866210520 0.009078134 -0.499596715 3.084609985
-0.509322166 0.051892333 0.859010100 38.624588013 0.028033299 0.998651028 -0.043706536 0.545146585 -0.860119343 0.001820178 -0.510089874 2.687591553
-0.520786166 0.050462607 0.852194667 39.318981171 0.027286235 0.998725295 -0.042464476 0.499057770 -0.853251219 0.001138281 -0.521499157 2.273902893
-0.529089689 0.052003872 0.846970916 40.000301361 0.029662531 0.998643816 -0.042786837 0.456305265 -0.848047316 0.002485224 -0.529914737 1.838249207
-0.536125422 0.055155449 0.842334688 40.684291840 0.032696590 0.998471141 -0.044568576 0.410899758 -0.843505085 0.003647134 -0.537109137 1.392021179
-0.539554715 0.058178104 0.839938283 41.380546570 0.034306630 0.998300433 -0.047109336 0.365004539 -0.841251493 0.003397394 -0.540633678 0.938987732
-0.539597273 0.060146187 0.839772105 42.090686798 0.033211041 0.998189211 -0.050152518 0.319073796 -0.841267943 0.000827541 -0.540617704 0.500030518
-0.535901189 0.060487431 0.842111170 42.794227600 0.035914790 0.998160660 -0.048840813 0.265448451 -0.843516469 0.004070391 -0.537087917 0.039215088
-0.530245900 0.059150726 0.845778108 43.533855438 0.033923112 0.998244703 -0.048546199 0.213049412 -0.847165048 0.002950005 -0.531321764 -0.412223816
-0.523431420 0.057979845 0.850092947 44.291366577 0.032316938 0.998315215 -0.048190571 0.159663081 -0.851454854 0.002247944 -0.524423361 -0.868785858
-0.516204476 0.057319414 0.854545236 45.071655273 0.030039275 0.998355806 -0.048819844 0.109664679 -0.855938494 0.000468901 -0.517077565 -1.338359833
-0.509711981 0.055894315 0.858527541 45.860954285 0.027140031 0.998435378 -0.048889827 0.055413365 -0.859916925 -0.001619265 -0.510431409 -1.802314758
-0.505587935 0.053503361 0.861114740 46.673324585 0.022485774 0.998553455 -0.048840690 0.003551364 -0.862482250 -0.005330422 -0.506059647 -2.264099121
-0.504387617 0.050539583 0.861997366 47.494976044 0.018188611 0.998686016 -0.047910906 -0.053298235 -0.863286078 -0.008487122 -0.504644036 -2.726947784
-0.504617929 0.047999181 0.862007439 48.337226868 0.015061557 0.998790801 -0.046798676 -0.112747431 -0.863211393 -0.010632276 -0.504730701 -3.214687347
-0.505655169 0.046630327 0.861474872 49.186019897 0.013981030 0.998850048 -0.045859877 -0.171256542 -0.862622678 -0.011144967 -0.505725622 -3.703098297
-0.505975366 0.046254274 0.861306846 50.054592133 0.013707539 0.998866200 -0.045589041 -0.222485900 -0.862439036 -0.011260535 -0.506035805 -4.212406158
-0.506152987 0.045870509 0.861223102 50.922908783 0.013812589 0.998887658 -0.045084953 -0.277834535 -0.862333238 -0.010924160 -0.506223679 -4.716865540
-0.506290793 0.044905089 0.861192882 51.807716370 0.014173545 0.998941720 -0.043755163 -0.337198377 -0.862246335 -0.009946682 -0.506391525 -5.231552124
-0.506673336 0.044719663 0.860977769 52.698226929 0.013877022 0.998947442 -0.043719463 -0.394719839 -0.862026691 -0.010203672 -0.506760597 -5.747291565
-0.506343126 0.043201372 0.861249149 53.591712952 0.012073785 0.999001563 -0.043012824 -0.454801202 -0.862247467 -0.011380714 -0.506359220 -6.276382446
-0.506419778 0.042442869 0.861242056 54.485980988 0.011214223 0.999027610 -0.042638998 -0.514034867 -0.862214327 -0.011935064 -0.506403208 -6.794723511
-0.505616903 0.041631754 0.861753106 55.373161316 0.010149815 0.999053001 -0.042309579 -0.576363683 -0.862698436 -0.012645800 -0.505560637 -7.310623169
-0.504379153 0.040211264 0.862545669 56.265029907 0.009920171 0.999118984 -0.040777337 -0.636136174 -0.863425493 -0.012010629 -0.504333735 -7.825057983
-0.502436161 0.038092043 0.863774896 57.146133423 0.010115168 0.999219656 -0.038181353 -0.694986463 -0.864555240 -0.010446460 -0.502429366 -8.328453064
-0.500325561 0.036619656 0.865062773 58.027732849 0.010337274 0.999286652 -0.036322840 -0.751931369 -0.865775764 -0.009230850 -0.500347257 -8.827476501
-0.497637033 0.036587689 0.866613388 58.921401978 0.010892327 0.999294758 -0.035934668 -0.806410313 -0.867317021 -0.008442987 -0.497684598 -9.339477539
-0.495746851 0.036678873 0.867692232 59.804706573 0.010668468 0.999289572 -0.036146406 -0.860907316 -0.868401647 -0.008662518 -0.495785952 -9.835838318
-0.494627237 0.037286371 0.868305087 60.691986084 0.011063168 0.999268472 -0.036608044 -0.917727530 -0.869034827 -0.008501131 -0.494677901 -10.342575073
-0.495715022 0.038691826 0.867623210 61.569244385 0.010288331 0.999198616 -0.038681250 -0.973732650 -0.868424594 -0.010248473 -0.495715857 -10.834716797
-0.498319149 0.040463053 0.866049230 62.446914673 0.008866033 0.999095917 -0.041577738 -1.029242873 -0.866948605 -0.013040552 -0.498227358 -11.337196350
-0.502815247 0.041042529 0.863419116 63.323928833 0.007592338 0.999043286 -0.043067988 -1.091001630 -0.864360690 -0.015099867 -0.502645850 -11.846145630
-0.508470297 0.039719548 0.860163212 64.185829163 0.009070425 0.999127209 -0.040774643 -1.148435473 -0.861032009 -0.012930640 -0.508386731 -12.349586487
-0.513804793 0.037218343 0.857099652 65.045677185 0.010585713 0.999257505 -0.037045550 -1.211830854 -0.857842028 -0.009961163 -0.513817310 -12.867294312
-0.519008279 0.034480479 0.854073703 65.924591064 0.007460048 0.999330699 -0.035811406 -1.272692084 -0.854736865 -0.012214979 -0.518918157 -13.392669678
-0.524390578 0.037762806 0.850640178 66.770408630 0.009691809 0.999216080 -0.038383927 -1.327583551 -0.851422846 -0.011883922 -0.524345517 -13.906219482
-0.529242754 0.039924584 0.847530544 67.612258911 0.010046529 0.999117136 -0.040791783 -1.375525475 -0.848410904 -0.013074018 -0.529176712 -14.432815552
-0.533882260 0.040915240 0.844568372 68.453788757 0.009107584 0.999048889 -0.042641837 -1.436658621 -0.845509827 -0.015073743 -0.533747077 -14.953247070
-0.537755370 0.040735800 0.842116475 69.283569336 0.007575806 0.999025226 -0.043488245 -1.497607112 -0.843067110 -0.017006317 -0.537539721 -15.475021362
-0.540935159 0.040191360 0.840103745 70.108383179 0.008386197 0.999065697 -0.042396463 -1.554825664 -0.841022789 -0.015888453 -0.540766835 -16.002815247
-0.543221474 0.033679243 0.838913739 70.938400269 0.010064901 0.999384522 -0.033604227 -1.604299664 -0.839529157 -0.009810952 -0.543226123 -16.538391113
-0.545692086 0.024596537 0.837624848 71.758102417 0.009277903 0.999685228 -0.023311054 -1.656249166 -0.837934554 -0.004949252 -0.545748472 -17.066123962
-0.547234774 0.023525024 0.836648643 72.569839478 0.010372992 0.999718785 -0.021325497 -1.697777510 -0.836915016 -0.002991502 -0.547324896 -17.592864990
-0.548502445 0.027973583 0.835681081 73.374588013 0.010649865 0.999592841 -0.026470289 -1.744537115 -0.836081326 -0.005619123 -0.548577070 -18.114280701
-0.549371362 0.034545381 0.834864020 74.171615601 0.012845999 0.999376118 -0.032899503 -1.787112713 -0.835479677 -0.007349377 -0.549472451 -18.648437500
-0.549871564 0.038199868 0.834375381 74.966339111 0.018269310 0.999264717 -0.033709064 -1.833238244 -0.835049570 -0.003292190 -0.550165057 -19.176399231
-0.548884034 0.040053900 0.834938407 75.771194458 0.021927834 0.999197543 -0.033518549 -1.878023267 -0.835610926 -0.000089404 -0.549321890 -19.736404419
-0.549348831 0.035870604 0.834823012 76.570663452 0.018626854 0.999355614 -0.030682974 -1.914065480 -0.835385621 -0.001305528 -0.549662948 -20.235916138
-0.548735499 0.031221217 0.835412979 77.380577087 0.017548719 0.999512374 -0.025827218 -1.953635335 -0.835811973 0.000488117 -0.549015880 -20.768432617
-0.548212886 0.024268052 0.835986912 78.180572510 0.014451066 0.999704540 -0.019544119 -1.999194741 -0.836214185 0.001366566 -0.548401594 -21.273040771
-0.548376203 0.018446693 0.836028397 78.980331421 0.006010427 0.999817789 -0.018118234 -2.037900925 -0.836210251 -0.004910721 -0.548387170 -21.764511108
-0.546249866 0.013595090 0.837512016 79.774581909 -0.000927836 0.999857843 -0.016835565 -2.068145990 -0.837621868 -0.009973496 -0.546159625 -22.277038574
-0.544652939 0.014028470 0.838544309 80.567413330 0.001129117 0.999871433 -0.015994016 -2.095592976 -0.838660896 -0.007764372 -0.544598818 -22.778633118
-0.542370558 0.017360486 0.839960039 81.348838806 0.006678011 0.999843955 -0.016352948 -2.146112680 -0.840112865 -0.003260095 -0.542401910 -23.264335632
-0.536073565 0.021258505 0.843903840 82.142028809 0.009151299 0.999770463 -0.019371711 -2.166615725 -0.844121933 -0.002661841 -0.536145091 -23.787376404
-0.528196692 0.023657136 0.848792434 82.930496216 0.014311553 0.999717832 -0.018957691 -2.197600842 -0.849001408 0.002134146 -0.528386235 -24.284393311
-0.520430923 0.027206866 0.853470325 83.731445312 0.022480352 0.999582410 -0.018156504 -2.239536524 -0.853607893 0.009737108 -0.520825148 -24.774589539
-0.512098908 0.025967211 0.858534157 84.529556274 0.018675886 0.999643207 -0.019095400 -2.264279604 -0.858723700 0.006255156 -0.512401104 -25.222404480
-0.500488758 0.023421496 0.865426362 85.347747803 0.017118312 0.999706268 -0.017155819 -2.300548792 -0.865574002 0.006228345 -0.500742674 -25.693756104
-0.488887429 0.019827709 0.872121632 86.170631409 0.016052589 0.999776840 -0.013731315 -2.329844952 -0.872199237 0.007286744 -0.489096522 -26.149955750
-0.478398323 0.018897420 0.877939641 86.988235474 0.015572337 0.999793768 -0.013034774 -2.362252235 -0.878004909 0.007435758 -0.478593946 -26.582496643
-0.467282891 0.017921763 0.883926392 87.810569763 0.015743108 0.999804676 -0.011948713 -2.388134480 -0.883967876 0.008332320 -0.467473745 -26.996322632
-0.454087257 0.019592261 0.890741646 88.631187439 0.017080618 0.999765873 -0.013282843 -2.411120653 -0.890793383 0.009182847 -0.454315662 -27.427749634
-0.442046285 0.023753161 0.896677792 89.467903137 0.016846413 0.999692857 -0.018177068 -2.443971157 -0.896834195 0.007070700 -0.442310691 -27.841323853
-0.429977536 0.032607879 0.902250528 90.286872864 0.018843135 0.999454021 -0.027140966 -2.479402542 -0.902642906 0.005331223 -0.430357218 -28.237251282
-0.417339683 0.037404865 0.907980502 91.114257812 0.018365677 0.999295652 -0.032725148 -2.512650967 -0.908565044 0.003018179 -0.417732716 -28.611663818
-0.406374574 0.033718020 0.913084388 91.950195312 0.016648408 0.999426246 -0.029496932 -2.556839466 -0.913555086 0.003214603 -0.406702757 -28.971054077
-0.394881487 0.030167833 0.918236732 92.790191650 0.014477212 0.999540985 -0.026613187 -2.596096516 -0.918618083 0.002784455 -0.395136952 -29.323371887
-0.384700179 0.029932298 0.922556162 93.645507812 0.009754404 0.999550104 -0.028362839 -2.638108492 -0.922990084 -0.001912203 -0.384819150 -29.679115295
-0.377668619 0.033819914 0.925322950 94.484710693 0.005014834 0.999392807 -0.034480318 -2.687288761 -0.925927222 -0.008381794 -0.377608895 -30.009674072
-0.373028159 0.039148070 0.926993966 95.330398560 -0.000597494 0.999099135 -0.042433597 -2.728096008 -0.927820027 -0.016382791 -0.372668743 -30.331817627
-0.369948983 0.041287947 0.928134203 96.157188416 -0.004379636 0.998923421 -0.046182692 -2.776216507 -0.929041803 -0.021150127 -0.369369864 -30.645027161
-0.365764141 0.040932395 0.929807127 96.996780396 -0.005731443 0.998914421 -0.046229281 -2.832631111 -0.930690050 -0.022238143 -0.365132451 -30.973846436
-0.361489058 0.040945902 0.931476772 97.835731506 -0.007829385 0.998866737 -0.046946675 -2.882974625 -0.932343423 -0.024263600 -0.360758781 -31.287155151
-0.355750322 0.036512252 0.933867693 98.683074951 -0.011717042 0.998983800 -0.043521680 -2.933833599 -0.934507728 -0.026425011 -0.354961038 -31.604316711
-0.349960804 0.032805346 0.936189890 99.536628723 -0.010549840 0.999185205 -0.038956463 -2.991908550 -0.936705053 -0.023509884 -0.349329591 -31.923721313
-0.344396949 0.029911792 0.938347757 100.376838684 -0.012647700 0.999253809 -0.036495320 -3.041283369 -0.938739181 -0.024436807 -0.343761563 -32.222068787
-0.338909626 0.027668096 0.940412164 101.227798462 -0.021175085 0.999089956 -0.037025638 -3.094175577 -0.940580785 -0.032461643 -0.338015318 -32.504104614
-0.332514644 0.027995244 0.942682564 102.080642700 -0.028060693 0.998823106 -0.039560385 -3.138945341 -0.942680597 -0.039606728 -0.331337690 -32.792968750
-0.325784922 0.032006413 0.944902122 102.923133850 -0.026048882 0.998743534 -0.042811349 -3.191150188 -0.945085108 -0.038560927 -0.324541807 -33.077491760
-0.318878770 0.035499007 0.947130620 103.766639709 -0.024855360 0.998641431 -0.045797937 -3.240619183 -0.947469711 -0.038145252 -0.317563176 -33.356674194
-0.312362313 0.033647265 0.949367106 104.628463745 -0.026721947 0.998665869 -0.044186596 -3.289210558 -0.949587286 -0.039171156 -0.311046481 -33.633132935
-0.305266500 0.028673014 0.951835215 105.497444153 -0.026891654 0.998888373 -0.038714956 -3.341829777 -0.951887250 -0.037414800 -0.304156065 -33.907707214
-0.298265815 0.025891948 0.954131603 106.358016968 -0.027694497 0.998976350 -0.035766311 -3.395088196 -0.954080999 -0.037092060 -0.297243357 -34.169265747
-0.291347146 0.029413240 0.956165195 107.222686768 -0.029705498 0.998767018 -0.039775122 -3.438771725 -0.956156135 -0.039991725 -0.290114164 -34.432525635
-0.285138130 0.032301571 0.957942069 108.077926636 -0.029370412 0.998668194 -0.042417157 -3.487409115 -0.958036423 -0.040229898 -0.283809662 -34.680221558
-0.278466821 0.032669097 0.959890127 108.930473328 -0.031848095 0.998557627 -0.043224338 -3.536268950 -0.959917724 -0.042607214 -0.277024746 -34.915946960
-0.271457672 0.032328617 0.961907268 109.791816711 -0.032149788 0.998573363 -0.042633839 -3.586636543 -0.961913228 -0.042498395 -0.270030975 -35.151939392
-0.263251066 0.032205328 0.964189649 110.649490356 -0.028253349 0.998756588 -0.041073874 -3.637102127 -0.964313567 -0.038054325 -0.262013793 -35.382766724
-0.255573988 0.033062674 0.966224015 111.505554199 -0.025677303 0.998830378 -0.040970266 -3.690988541 -0.966448486 -0.035280958 -0.254426122 -35.611312866
-0.248842120 0.033769306 0.967955172 112.367004395 -0.024655012 0.998847306 -0.041185364 -3.741183043 -0.968230188 -0.034113601 -0.247722745 -35.828819275
-0.242573023 0.032342218 0.969594061 113.231094360 -0.030986769 0.998675883 -0.041064553 -3.792344093 -0.969638348 -0.040005729 -0.241249681 -36.023849487
-0.236249328 0.030448569 0.971215308 114.089508057 -0.035413932 0.998575091 -0.039920811 -3.844940662 -0.971046925 -0.043825816 -0.234834433 -36.227890015
-0.232140779 0.030892337 0.972191632 114.963752747 -0.032490801 0.998691499 -0.039492577 -3.888712645 -0.972139478 -0.040755115 -0.230833292 -36.423950195
-0.226976037 0.031036781 0.973405778 115.842582703 -0.030585211 0.998771906 -0.038977347 -3.940537930 -0.973420084 -0.038618736 -0.225747943 -36.635459900
-0.222771764 0.032431491 0.974331021 116.684249878 -0.029673781 0.998757780 -0.040029194 -3.986946583 -0.974418938 -0.037829462 -0.221532702 -36.814537048
-0.216556907 0.031733606 0.975754142 117.551765442 -0.023683444 0.999006689 -0.037746083 -4.031341076 -0.975982726 -0.031283390 -0.215590239 -37.010673523
-0.211102247 0.030287234 0.976994812 118.419319153 -0.016717948 0.999261737 -0.034589816 -4.079830647 -0.977321148 -0.023635328 -0.210440040 -37.206787109
-0.205599546 0.030079473 0.978173971 119.281730652 -0.015454552 0.999303102 -0.033977553 -4.119028568 -0.978514254 -0.022103004 -0.204991341 -37.388740540
-0.202404141 0.030954398 0.978812754 120.156814575 -0.017733419 0.999220610 -0.035266794 -4.170703888 -0.979141533 -0.024495842 -0.201697469 -37.561042786
-0.198909879 0.033037245 0.979460657 121.025886536 -0.019397218 0.999103129 -0.037638992 -4.210589409 -0.979825735 -0.026485585 -0.198090672 -37.728942871
-0.196842670 0.032246955 0.979904771 121.885070801 -0.021563709 0.999074817 -0.037209507 -4.259074211 -0.980198085 -0.028454790 -0.195965171 -37.897315979
-0.196135998 0.031174399 0.980081141 122.765502930 -0.022411834 0.999090910 -0.036264170 -4.305529594 -0.980320692 -0.029078122 -0.195259094 -38.061347961
-0.195219040 0.026612088 0.980398536 123.639526367 -0.020501921 0.999302626 -0.031207610 -4.351011276 -0.980545342 -0.026192375 -0.194537401 -38.232383728
-0.194302559 0.021597708 0.980703890 124.511047363 -0.021973807 0.999410868 -0.026363257 -4.393018246 -0.980695546 -0.026672244 -0.193713427 -38.397850037
-0.192738056 0.019520391 0.981056154 125.372711182 -0.020818761 0.999495685 -0.023977341 -4.437403679 -0.981029451 -0.025045717 -0.192234516 -38.571281433
-0.191982388 0.024381328 0.981095493 126.245178223 -0.021218069 0.999354541 -0.028987072 -4.472658634 -0.981168985 -0.026381958 -0.191341162 -38.734764099
-0.191942692 0.028370410 0.980996072 127.098678589 -0.020893108 0.999237418 -0.032985918 -4.510236263 -0.981183767 -0.026827458 -0.191203475 -38.895980835
-0.192482948 0.027310802 0.980920255 127.950500488 -0.024527732 0.999166429 -0.032631811 -4.549900055 -0.980993807 -0.030340811 -0.191652656 -39.047485352
-0.191777110 0.026771177 0.981073439 128.788803101 -0.025540730 0.999153197 -0.032257151 -4.594525337 -0.981106281 -0.031243507 -0.190930963 -39.202491760
-0.191078305 0.027172884 0.981198609 129.613281250 -0.020941157 0.999276400 -0.031751595 -4.643133640 -0.981351376 -0.026614476 -0.190370917 -39.365257263
-0.190285444 0.029367018 0.981289625 130.454986572 -0.023112098 0.999141455 -0.034383021 -4.685098171 -0.981456876 -0.029222243 -0.189443350 -39.526161194
-0.191112518 0.031136258 0.981074333 131.285766602 -0.030441605 0.998827994 -0.037629701 -4.724806309 -0.981096089 -0.037056975 -0.189940691 -39.665382385
-0.190104008 0.031762097 0.981250048 132.131271362 -0.037496280 0.998512387 -0.039585259 -4.774185181 -0.981047630 -0.044318538 -0.188630223 -39.820755005
-0.189535737 0.035246685 0.981241047 132.959426880 -0.034074824 0.998517394 -0.042449128 -4.822726250 -0.981282413 -0.041481238 -0.188053608 -39.978218079
-0.189322352 0.036411580 0.981239736 133.793807983 -0.032130945 0.998547316 -0.043253232 -4.872574806 -0.981389225 -0.039716955 -0.187877297 -40.134056091
-0.187332034 0.037590932 0.981577277 134.594757080 -0.035161857 0.998370469 -0.044944618 -4.916185379 -0.981667280 -0.042933632 -0.185704947 -40.278907776
-0.185678720 0.036874365 0.981918395 135.405014038 -0.027096590 0.998723447 -0.042629361 -4.964074612 -0.982236862 -0.034522004 -0.184442520 -40.431983948
-0.181870580 0.034031518 0.982733428 136.220794678 -0.020452889 0.999053836 -0.038381815 -5.013036728 -0.983109772 -0.027080258 -0.181002378 -40.594718933
-0.179759264 0.028942414 0.983285010 137.036117554 -0.016980078 0.999326885 -0.032518812 -5.060824871 -0.983564258 -0.022541804 -0.179146886 -40.746597290
-0.176095247 0.028582137 0.983958125 137.847045898 -0.014970384 0.999384999 -0.031709455 -5.104973793 -0.984259307 -0.020314114 -0.175559163 -40.892250061
-0.171117306 0.033599529 0.984677732 138.645584106 -0.013526357 0.999244034 -0.036447179 -5.151822090 -0.985157907 -0.019555839 -0.170533419 -41.029426575
-0.164673924 0.036819376 0.985660672 139.438079834 -0.013032351 0.999134600 -0.039500006 -5.192694187 -0.986262023 -0.019350095 -0.164051533 -41.155235291
-0.156620026 0.037713911 0.986938715 140.238494873 -0.013418889 0.999097168 -0.040308006 -5.229966164 -0.987567902 -0.019556658 -0.155972600 -41.275024414
-0.146947622 0.033155926 0.988588452 141.038162231 -0.010095230 0.999335706 -0.035016969 -5.278131485 -0.989092827 -0.015125686 -0.146515369 -41.391685486
-0.134900331 0.031738061 0.990350842 141.831970215 -0.006558718 0.999436378 -0.032922626 -5.322268486 -0.990837574 -0.010936703 -0.134616137 -41.500236511
-0.120967984 0.034434427 0.992059112 142.621932983 -0.002375207 0.999385238 -0.034978345 -5.361037254 -0.992653728 -0.006587602 -0.120811820 -41.598953247
-0.106892109 0.035457134 0.993638217 143.408462524 -0.002926846 0.999348402 -0.035975758 -5.401151180 -0.994266331 -0.006753746 -0.106718659 -41.679092407
-0.092852831 0.035688713 0.995039999 144.205749512 -0.001290784 0.999352276 -0.035963830 -5.440948486 -0.995678961 -0.004623727 -0.092746615 -41.749450684
-0.079421163 0.037241690 0.996145308 144.989135742 -0.000629098 0.999299824 -0.037409786 -5.485178947 -0.996841013 -0.003597801 -0.079342127 -41.807006836
-0.065735817 0.043630965 0.996882737 145.755371094 -0.003831825 0.999025166 -0.043977410 -5.533606529 -0.997829735 -0.006710768 -0.065504551 -41.846878052
-0.052873135 0.052872173 0.997200668 146.518951416 -0.011290714 0.998501897 -0.053539820 -5.579987526 -0.998537540 -0.014089920 -0.052196860 -41.871772766
-0.039310455 0.060632009 0.997385859 147.286560059 -0.015769519 0.997995377 -0.061290596 -5.629748344 -0.999102652 -0.018137651 -0.038275480 -41.887985229
-0.026427150 0.061164174 0.997777879 148.052078247 -0.016379708 0.997965932 -0.061609533 -5.681986809 -0.999516606 -0.017971467 -0.025371552 -41.898277283
-0.014451981 0.057457801 0.998243272 148.818618774 -0.019698296 0.998137474 -0.057736892 -5.738876343 -0.999701500 -0.020498110 -0.013293266 -41.896438599
-0.003725648 0.054867905 0.998486698 149.581420898 -0.023684308 0.998208642 -0.054941002 -5.799108982 -0.999712586 -0.023853157 -0.002419472 -41.885887146
0.004957974 0.061595645 0.998089015 150.335968018 -0.027723454 0.997725964 -0.061435528 -5.858297348 -0.999603450 -0.027365869 0.006654322 -41.868927002
0.011801422 0.069476172 0.997513950 151.081420898 -0.030806379 0.997134984 -0.069085315 -5.913905144 -0.999455869 -0.029914474 0.013907909 -41.852043152
0.014873326 0.072136521 0.997283936 151.836029053 -0.033618025 0.996866345 -0.071604945 -5.969553947 -0.999324143 -0.032461707 0.017251790 -41.830886841
0.014727294 0.067558654 0.997606754 152.593353271 -0.035906110 0.997107029 -0.066994749 -6.030373096 -0.999246836 -0.034833509 0.017110467 -41.811218262
0.013035059 0.063070469 0.997924089 153.346221924 -0.037681982 0.997330785 -0.062540770 -6.098471642 -0.999204874 -0.036788519 0.015376925 -41.795074463
0.009869576 0.060351737 0.998128355 154.094665527 -0.036819141 0.997522056 -0.059951004 -6.152562141 -0.999273181 -0.036158536 0.012067258 -41.781181335
0.007294059 0.060721751 0.998128116 154.839675903 -0.034942795 0.997560501 -0.060431872 -6.204739094 -0.999362707 -0.034436587 0.009398043 -41.777053833
0.002858281 0.060468432 0.998166025 155.586334229 -0.033695281 0.997609079 -0.060338207 -6.264101028 -0.999428093 -0.033461019 0.004888952 -41.765884399
-0.001070023 0.059595190 0.998222113 156.339538574 -0.033679914 0.997654140 -0.059597388 -6.316693306 -0.999432147 -0.033683807 0.000939608 -41.770019531
-0.005975485 0.059822939 0.998191237 157.079528809 -0.034378506 0.997606575 -0.059993703 -6.367627621 -0.999391139 -0.034674797 -0.003904581 -41.773216248
-0.011740685 0.058227252 0.998234451 157.824859619 -0.035566848 0.997647107 -0.058611311 -6.419791222 -0.999298513 -0.036192179 -0.009642124 -41.779579163
-0.017697334 0.055447690 0.998304725 158.563446045 -0.033337370 0.997873247 -0.056014709 -6.480684280 -0.999287486 -0.034272164 -0.015811205 -41.791290283
-0.022665024 0.055180367 0.998219132 159.298568726 -0.032690566 0.997900784 -0.055905025 -6.535239220 -0.999208450 -0.033899438 -0.020813584 -41.813179016
-0.028053403 0.056434311 0.998012125 160.022399902 -0.034554556 0.997753620 -0.057390992 -6.587279320 -0.999009013 -0.036095876 -0.026040316 -41.827369690
-0.031811953 0.058469824 0.997782171 160.745925903 -0.035015374 0.997609437 -0.059576087 -6.644999981 -0.998880327 -0.036832944 -0.029688597 -41.849777222
-0.034870744 0.061339419 0.997507751 161.468017578 -0.034755956 0.997436464 -0.062550031 -6.697393894 -0.998787403 -0.036850493 -0.032649398 -41.865829468
-0.035744190 0.062332030 0.997415245 162.191375732 -0.031911597 0.997472823 -0.063479237 -6.755038738 -0.998851418 -0.034098119 -0.033664703 -41.900588989
-0.035089135 0.060922481 0.997525692 162.903411865 -0.029151229 0.997653067 -0.061955694 -6.807424068 -0.998959124 -0.031253058 -0.033230782 -41.926086426
-0.030423880 0.057069182 0.997906685 163.622039795 -0.025815332 0.997990787 -0.057861045 -6.865549088 -0.999203801 -0.027521640 -0.028889418 -41.953781128
-0.023278475 0.056515485 0.998130381 164.317550659 -0.025088778 0.998053372 -0.057096250 -6.924396515 -0.999414265 -0.026370980 -0.021815181 -41.959419250
-0.012609363 0.057911310 0.998242080 165.006011963 -0.023534769 0.998027742 -0.058196153 -6.969971180 -0.999643505 -0.024227215 -0.011221647 -41.961975098
0.001788497 0.058250457 0.998300552 165.696914673 -0.020954721 0.998084962 -0.058200341 -7.018796921 -0.999778986 -0.020815004 0.003005683 -41.956703186
0.018075049 0.055483468 0.998296082 166.390182495 -0.021540705 0.998248994 -0.055090837 -7.069962502 -0.999604642 -0.020508222 0.019238532 -41.940757751
0.033696413 0.050676279 0.998146534 167.066894531 -0.026512243 0.998407543 -0.049794503 -7.116743565 -0.999080479 -0.024785206 0.034986317 -41.901916504
0.050265312 0.043851718 0.997772753 167.747344971 -0.027927795 0.998706639 -0.042485829 -7.160805225 -0.998345375 -0.025730031 0.051424980 -41.856544495
0.067131042 0.036333129 0.997082531 168.424667358 -0.027964953 0.999012649 -0.034520648 -7.200926781 -0.997352362 -0.025565950 0.068080842 -41.796463013
0.084824145 0.029550593 0.995957792 169.101425171 -0.029032288 0.999209046 -0.027174426 -7.232376099 -0.995972991 -0.026609877 0.085614979 -41.728927612
0.101507306 0.023571430 0.994555473 169.753936768 -0.029798632 0.999342740 -0.020643553 -7.264391899 -0.994388402 -0.027540924 0.102142990 -41.652595520
0.119592130 0.021351153 0.992593586 170.404876709 -0.030942664 0.999363184 -0.017768661 -7.292556286 -0.992340922 -0.028588494 0.120176613 -41.560737610
0.137624383 0.020066375 0.990281284 171.049346924 -0.029645450 0.999430299 -0.016131785 -7.314485550 -0.990040839 -0.027137201 0.138140857 -41.463043213
0.154718876 0.019915590 0.987757921 171.679046631 -0.031072563 0.999400258 -0.015283230 -7.330643654 -0.987469912 -0.028327558 0.155244946 -41.350395203
0.170442522 0.018791841 0.985188365 172.308517456 -0.035911705 0.999272406 -0.012847579 -7.349259853 -0.984712958 -0.033190023 0.170993328 -41.220710754
0.185526013 0.014992473 0.982525110 172.940505981 -0.037955564 0.999246776 -0.008080640 -7.370227814 -0.981906176 -0.035793118 0.185955346 -41.087532043
0.197206914 0.011595883 0.980293274 173.560592651 -0.034821570 0.999381959 -0.004816584 -7.385347843 -0.979743242 -0.033185489 0.197488785 -40.960166931
0.208091080 0.010313797 0.978055179 174.177551270 -0.032475866 0.999465942 -0.003630006 -7.401887894 -0.977570236 -0.031007810 0.208314896 -40.825080872
0.217935026 0.014149051 0.975860834 174.782943726 -0.036840167 0.999301553 -0.006261549 -7.416874886 -0.975267828 -0.034586258 0.218304098 -40.679122925
0.227116942 0.021157598 0.973637700 175.377029419 -0.040915299 0.999088526 -0.012166490 -7.436512947 -0.973007679 -0.037073459 0.227775574 -40.526481628
0.236186743 0.031162858 0.971207917 175.962768555 -0.040673185 0.998926699 -0.022161005 -7.451694012 -0.970856130 -0.034267977 0.237200737 -40.377632141
0.244352102 0.036564413 0.968997061 176.557785034 -0.035541438 0.998955071 -0.028732371 -7.475975990 -0.969035149 -0.027418725 0.245396316 -40.229972839
0.250774682 0.034733962 0.967422187 177.158828735 -0.035428654 0.999015868 -0.026684495 -7.493269920 -0.967396975 -0.027582666 0.251758456 -40.067398071
0.256219387 0.027207285 0.966235757 177.765899658 -0.037954714 0.999116063 -0.018068573 -7.510417938 -0.965873301 -0.032043677 0.257025540 -39.891349792
0.261053801 0.016708529 0.965179563 178.369491577 -0.042187311 0.999092400 -0.005885128 -7.534377098 -0.964401901 -0.039182000 0.261521757 -39.719886780
0.263450205 0.008772321 0.964633048 178.983764648 -0.042127188 0.999109328 0.002419475 -7.552009583 -0.963752687 -0.041274693 0.263585091 -39.556144714
0.264321744 0.007976362 0.964401603 179.589874268 -0.038770210 0.999245346 0.002361536 -7.565824509 -0.963654995 -0.038014255 0.264431536 -39.391258240
0.265813529 0.009794633 0.963974655 180.188461304 -0.035302788 0.999376595 -0.000419690 -7.576432228 -0.963377774 -0.033919435 0.265993595 -39.228973389
0.266706109 0.009346692 0.963732600 180.779266357 -0.032332212 0.999476910 -0.000745646 -7.582724094 -0.963235438 -0.030960739 0.266868830 -39.050529480
0.268869758 0.007568484 0.963146806 181.406036377 -0.034669898 0.999397159 0.001825024 -7.578912735 -0.962552369 -0.033882897 0.268970072 -38.885124207
0.271771491 0.004081194 0.962353170 182.021789551 -0.035150286 0.999365866 0.005688387 -7.584752083 -0.961719632 -0.035372932 0.271742582 -38.708351135
0.274837673 -0.000969767 0.961490273 182.635528564 -0.034718174 0.999337375 0.010931981 -7.593025208 -0.960863769 -0.036385704 0.274621904 -38.526535034
0.279710233 -0.003649809 0.960077584 183.260787964 -0.033179421 0.999358714 0.013465678 -7.593742847 -0.959511042 -0.035621304 0.279409766 -38.349632263
0.285802484 -0.006285114 0.958268046 183.871124268 -0.030939640 0.999396622 0.015782595 -7.593538284 -0.957789063 -0.034159172 0.285435617 -38.171310425
0.293625295 -0.009305979 0.955875456 184.492767334 -0.029635316 0.999383330 0.018832922 -7.591624260 -0.955461264 -0.033857491 0.293168485 -37.973365784
0.303448081 -0.010983728 0.952784777 185.114746094 -0.027020842 0.999432206 0.020127231 -7.589744568 -0.952464879 -0.031852614 0.302978992 -37.771514893
0.314293265 -0.008646435 0.949286640 185.718582153 -0.029355628 0.999391794 0.018821983 -7.593697548 -0.948872030 -0.033782527 0.313848257 -37.560966492
0.326148808 -0.005892491 0.945300102 186.330841064 -0.029169096 0.999441683 0.016293941 -7.598360062 -0.944868326 -0.032887798 0.325794816 -37.344932556
0.337665081 -0.002355492 0.941263437 186.942977905 -0.030378995 0.999448657 0.013399138 -7.590398788 -0.940776050 -0.033119056 0.337407351 -37.111389160
0.349152446 -0.002246397 0.937063217 187.560012817 -0.029024834 0.999491394 0.013210789 -7.590030670 -0.936616302 -0.031810682 0.348909676 -36.873626709
0.361091197 -0.005580275 0.932513714 188.186950684 -0.027787095 0.999473691 0.016740782 -7.589552879 -0.932116330 -0.031956799 0.360746086 -36.635833740
