1.000000000 0.000000000 0.000000000 0.000000000 0.000000000 1.000000000 0.000000000 0.000000000 0.000000000 0.000000000 1.000000000 0.000000000
0.999997437 0.001019563 0.002029784 -0.008862356 -0.001017243 0.999998808 -0.001143681 -0.016511826 -0.002030948 0.001141614 0.999997258 1.210796356
0.999974251 0.002482663 0.006734062 -0.067694701 -0.002475215 0.999996305 -0.001114143 -0.030324476 -0.006736804 0.001097446 0.999976695 2.428312540
0.999964893 0.002111052 0.008105580 -0.069081269 -0.002104819 0.999997497 -0.000777415 -0.051285122 -0.008107200 0.000760327 0.999966860 3.623569012
0.999957204 0.001984955 0.009035109 -0.063558236 -0.001977743 0.999997735 -0.000807076 -0.072325051 -0.009036690 0.000789172 0.999958873 4.825964928
0.999945819 0.001745070 0.010260943 -0.066059321 -0.001738378 0.999998271 -0.000660986 -0.094201192 -0.010262079 0.000643113 0.999947131 6.026337147
0.999936938 0.002327773 0.010987990 -0.059021197 -0.002312754 0.999996364 -0.001379342 -0.116729677 -0.010991161 0.001353842 0.999938667 7.224620819
0.999921679 0.002530279 0.012255083 -0.065141782 -0.002506230 0.999994934 -0.001977369 -0.135610163 -0.012260024 0.001946500 0.999922931 8.409427643
0.999922693 0.002040581 0.012266943 -0.052480519 -0.002037133 0.999997854 -0.000293577 -0.159957215 -0.012267516 0.000268565 0.999924719 9.598480225
0.999932051 0.001251706 0.011590879 -0.065595888 -0.001257499 0.999999106 0.000492519 -0.179910168 -0.011590253 -0.000507061 0.999932706 10.797314644
0.999957144 0.000232454 0.009252126 -0.059719168 -0.000233423 0.999999940 0.000103659 -0.201925695 -0.009252102 -0.000105814 0.999957204 11.987609863
0.999973714 0.000514083 0.007229018 -0.058055975 -0.000511427 0.999999821 -0.000369256 -0.223548248 -0.007229206 0.000365549 0.999973774 13.175962448
0.999979913 0.000164432 0.006336350 -0.067294031 -0.000160880 0.999999821 -0.000561158 -0.246871397 -0.006336441 0.000560127 0.999979794 14.394121170
0.999983132 0.001710841 0.005554436 -0.072925426 -0.001706148 0.999998212 -0.000849447 -0.266078085 -0.005555879 0.000839956 0.999984205 15.591479301
0.999985933 0.001675203 0.005034659 -0.074176557 -0.001671456 0.999998331 -0.000748284 -0.286572009 -0.005035904 0.000739858 0.999987066 16.794569016
0.999986172 0.001270304 0.005104035 -0.086501740 -0.001269086 0.999999166 -0.000241737 -0.311188966 -0.005104338 0.000235257 0.999986947 17.991155624
0.999991655 0.000669042 0.004034330 -0.082502037 -0.000669137 0.999999762 0.000022247 -0.333048910 -0.004034314 -0.000024946 0.999991834 19.185693741
0.999993086 0.001259400 0.003503911 -0.082695648 -0.001256329 0.999998808 -0.000878677 -0.354207397 -0.003505014 0.000874269 0.999993503 20.383562088
0.999993384 0.001139799 0.003451832 -0.091886699 -0.001134139 0.999998033 -0.001641130 -0.380896926 -0.003453695 0.001637205 0.999992669 21.564472198
0.999995708 0.001867069 0.002255076 -0.093331449 -0.001864389 0.999997556 -0.001190248 -0.398475051 -0.002257293 0.001186039 0.999996722 22.754205704
0.999996424 0.001353252 0.002305679 -0.114785947 -0.001350956 0.999998569 -0.000997114 -0.430117488 -0.002307025 0.000993996 0.999996841 23.932289124
0.999998271 0.001220308 0.001388222 -0.119251989 -0.001217798 0.999997616 -0.001807375 -0.449970573 -0.001390424 0.001805681 0.999997377 25.124122620
0.999998033 0.001803058 0.000803681 -0.131406397 -0.001802390 0.999998033 -0.000831922 -0.476854414 -0.000805180 0.000830472 0.999999344 26.311058044
0.999999940 0.000200127 -0.000184731 -0.131611258 -0.000200009 0.999999762 0.000639443 -0.494034410 0.000184859 -0.000639406 0.999999762 27.508825302
0.999999225 -0.000041801 -0.001242419 -0.139642090 0.000042569 0.999999821 0.000617682 -0.516537845 0.001242393 -0.000617735 0.999999046 28.709926605
0.999998569 -0.000666746 -0.001554453 -0.154128581 0.000667130 0.999999762 0.000246711 -0.542280853 0.001554288 -0.000247748 0.999998748 29.902193069
0.999995947 -0.001085729 -0.002642248 -0.159766793 0.001083871 0.999999166 -0.000704489 -0.563531101 0.002643010 0.000701622 0.999996245 31.099218369
0.999994755 -0.000383843 -0.003217464 -0.175766572 0.000381485 0.999999642 -0.000733501 -0.581910789 0.003217744 0.000732270 0.999994576 32.297828674
0.999992132 -0.000975108 -0.003839200 -0.185751736 0.000973648 0.999999464 -0.000382137 -0.600467622 0.003839571 0.000378396 0.999992549 33.501609802
0.999988616 -0.001374229 -0.004568599 -0.191570058 0.001373885 0.999999046 -0.000078544 -0.619738460 0.004568703 0.000072267 0.999989569 34.690814972
0.999983430 -0.001942351 -0.005422276 -0.197103322 0.001942780 0.999998093 0.000073961 -0.644316256 0.005422123 -0.000084494 0.999985278 35.887535095
0.999983966 -0.001577210 -0.005443840 -0.217781886 0.001576614 0.999998748 -0.000113732 -0.662683129 0.005444013 0.000105147 0.999985158 37.089862823
0.999979973 -0.002504472 -0.005808481 -0.223691344 0.002506945 0.999996781 0.000418426 -0.682124496 0.005807414 -0.000432980 0.999983072 38.299453735
0.999983132 -0.002230342 -0.005366113 -0.244871065 0.002239824 0.999995947 0.001761515 -0.702442288 0.005362162 -0.001773504 0.999984026 39.500640869
0.999983907 -0.001696601 -0.005416502 -0.253319055 0.001709811 0.999995589 0.002435265 -0.718793929 0.005412347 -0.002444487 0.999982357 40.706203461
0.999983430 -0.001021566 -0.005667446 -0.267249733 0.001033594 0.999997199 0.002119727 -0.739219546 0.005665265 -0.002125550 0.999981701 41.899963379
0.999988556 -0.000140576 -0.004780918 -0.294255853 0.000149030 0.999998450 0.001767971 -0.750461042 0.004780662 -0.001768663 0.999987006 43.097915649
0.999986827 0.002553092 -0.004451698 -0.303013146 -0.002537138 0.999990344 0.003585842 -0.765467763 0.004460810 -0.003574500 0.999983668 44.302562714
0.999993145 0.002357805 -0.002861519 -0.315914512 -0.002338705 0.999975085 0.006659719 -0.784384787 0.002877150 -0.006652981 0.999973714 45.505626678
0.999994695 0.003236404 -0.000355028 -0.335771352 -0.003232941 0.999951005 0.009354368 -0.791324735 0.000385285 -0.009353170 0.999956191 46.720058441
0.999992728 0.003737784 0.000740288 -0.338342130 -0.003746971 0.999910772 0.012823652 -0.799600661 -0.000692290 -0.012826332 0.999917507 47.924148560
0.999993503 0.002775094 0.002291085 -0.344795883 -0.002806779 0.999898851 0.013944319 -0.805846751 -0.002252157 -0.013950659 0.999900162 49.134593964
0.999990225 0.001372654 0.004210044 -0.347304761 -0.001425151 0.999920964 0.012491896 -0.809842527 -0.004192564 -0.012497773 0.999913096 50.336437225
0.999981523 0.002433320 0.005567230 -0.352570266 -0.002493291 0.999938667 0.010790783 -0.814070821 -0.005540631 -0.010804464 0.999926269 51.546062469
0.999976039 0.002575234 0.006429339 -0.352195114 -0.002642097 0.999942303 0.010412932 -0.822500944 -0.006402153 -0.010429669 0.999925137 52.741489410
0.999978244 0.002275415 0.006192468 -0.348430097 -0.002336204 0.999948978 0.009827049 -0.834150910 -0.006169791 -0.009841301 0.999932528 53.951374054
0.999980271 0.001780558 0.006027604 -0.360720634 -0.001831605 0.999962389 0.008473919 -0.839306474 -0.006012289 -0.008484792 0.999945939 55.153217316
0.999989212 0.001421445 0.004426911 -0.360476613 -0.001463200 0.999954343 0.009443265 -0.855503321 -0.004413285 -0.009449640 0.999945641 56.351230621
0.999994874 0.001240275 0.002946620 -0.364126980 -0.001270299 0.999947071 0.010209460 -0.858141541 -0.002933802 -0.010213151 0.999943554 57.556793213
0.999996901 0.000943429 0.002316302 -0.371912062 -0.000968912 0.999938726 0.011025037 -0.873770595 -0.002305759 -0.011027247 0.999936521 58.774932861
0.999996066 0.002631876 0.000979717 -0.371221602 -0.002642373 0.999937415 0.010871933 -0.886126041 -0.000951042 -0.010874479 0.999940395 59.953388214
0.999996006 0.002823822 0.000111227 -0.373868734 -0.002824863 0.999936998 0.010862974 -0.893474519 -0.000080545 -0.010863245 0.999940991 61.151157379
0.999998450 0.001745698 0.000282949 -0.379563570 -0.001748507 0.999945939 0.010252310 -0.905745268 -0.000265036 -0.010252789 0.999947429 62.346565247
0.999999523 0.000962854 0.000147707 -0.384824723 -0.000964194 0.999955773 0.009356628 -0.915839911 -0.000138691 -0.009356766 0.999956191 63.551982880
0.999999940 0.000322932 -0.000123604 -0.392610580 -0.000321570 0.999940991 0.010859394 -0.932300627 0.000127104 -0.010859353 0.999941051 64.743164062
1.000000000 -0.000128098 -0.000095965 -0.401751161 0.000129259 0.999925554 0.012201220 -0.937825561 0.000094394 -0.012201232 0.999925554 65.942924500
0.999999523 0.000633444 -0.000768878 -0.405071259 -0.000625181 0.999942541 0.010699334 -0.949402750 0.000775611 -0.010698847 0.999942482 67.141677856
0.999997020 0.002345825 -0.000657656 -0.417570144 -0.002339249 0.999948978 0.009826743 -0.959074080 0.000680674 -0.009825176 0.999951482 68.335632324
0.999989629 0.004518265 -0.000592174 -0.427358449 -0.004512329 0.999943078 0.009669676 -0.964312494 0.000635830 -0.009666904 0.999953091 69.535469055
0.999977350 0.006707268 -0.000578405 -0.436100930 -0.006701326 0.999930263 0.009727361 -0.970238507 0.000643609 -0.009723264 0.999952495 70.730545044
0.999968469 0.007924561 -0.000503870 -0.444130540 -0.007918942 0.999915421 0.010316490 -0.981137991 0.000585581 -0.010312175 0.999946654 71.923103333
0.999963820 0.008466767 0.000800131 -0.455652535 -0.008475481 0.999896824 0.011598566 -0.993617713 -0.000701846 -0.011604927 0.999932408 73.112411499
0.999942303 0.010359561 0.002849328 -0.463061839 -0.010393170 0.999873459 0.012045043 -0.997079194 -0.002724186 -0.012073961 0.999923408 74.307830811
0.999945223 0.008926955 0.005467913 -0.456542760 -0.008981196 0.999909878 0.009976946 -1.013524413 -0.005378357 -0.010025507 0.999935269 75.482177734
0.999947667 0.006440966 0.007946813 -0.449381620 -0.006477549 0.999968529 0.004586341 -1.019780517 -0.007917022 -0.004637577 0.999957919 76.663467407
0.999912679 0.007844031 0.010633111 -0.443268746 -0.007887803 0.999960542 0.004080907 -1.032804966 -0.010600680 -0.004164422 0.999935150 77.836318970
0.999886453 0.007006960 0.013341987 -0.431661695 -0.007107790 0.999946415 0.007524952 -1.046009779 -0.013288545 -0.007618929 0.999882698 79.017463684
0.999834061 0.006999537 0.016819809 -0.416854143 -0.007153423 0.999932945 0.009106401 -1.061932683 -0.016754940 -0.009225209 0.999817073 80.186225891
0.999757409 0.006856961 0.020932030 -0.399216533 -0.007016194 0.999946952 0.007543190 -1.073975444 -0.020879196 -0.007688223 0.999752462 81.353622437
0.999686003 0.006171102 0.024286641 -0.373999715 -0.006274259 0.999971628 0.004173573 -1.088523149 -0.024260197 -0.004324643 0.999696314 82.521331787
0.999605298 0.004850258 0.027671520 -0.344886273 -0.004875575 0.999987781 0.000847495 -1.106359601 -0.027667070 -0.000982075 0.999616683 83.687278748
0.999502540 0.004159915 0.031262334 -0.314379126 -0.004160799 0.999991357 -0.000036803 -1.124624729 -0.031262215 -0.000093292 0.999511242 84.840919495
0.999389768 0.004117214 0.034687039 -0.276091933 -0.004173415 0.999990106 0.001547971 -1.145646930 -0.034680322 -0.001691790 0.999397039 86.008964539
0.999234319 0.005323553 0.038761146 -0.245412573 -0.005408491 0.999983191 0.002086779 -1.168360949 -0.038749386 -0.002294820 0.999246299 87.175018311
0.999093890 0.004660413 0.042304367 -0.198016420 -0.004656724 0.999989152 -0.000185733 -1.184943676 -0.042304773 -0.000011435 0.999104738 88.320007324
0.998949945 0.004702772 0.045573208 -0.147693768 -0.004598135 0.999986529 -0.002400594 -1.206889272 -0.045583885 0.002188521 0.998958111 89.468124390
0.998803437 0.004615326 0.048686292 -0.095600456 -0.004487049 0.999986172 -0.002743737 -1.229295850 -0.048698280 0.002521996 0.998810351 90.626770020
0.998668611 0.003244867 0.051482983 -0.034953084 -0.003165747 0.999993682 -0.001618294 -1.251069307 -0.051487911 0.001453158 0.998672545 91.783905029
0.998513877 0.002755749 0.054428730 0.021523934 -0.002749761 0.999996185 -0.000184904 -1.270022511 -0.054429036 0.000034963 0.998517632 92.943260193
0.998367846 0.001710233 0.057084948 0.086013459 -0.001808563 0.999996960 0.001670896 -1.292063355 -0.057081919 -0.001771410 0.998367906 94.123229980
0.998234749 0.000212137 0.059391562 0.153153852 -0.000360501 0.999996841 0.002487368 -1.307896614 -0.059390847 -0.002504388 0.998231649 95.279609680
0.998088837 -0.000823810 0.061789501 0.218749717 0.000802610 0.999999583 0.000367919 -1.328213334 -0.061789781 -0.000317623 0.998089135 96.437431335
0.997943103 -0.002038292 0.064073093 0.290925175 0.002241695 0.999992669 -0.003102813 -1.348142147 -0.064066298 0.003240063 0.997940361 97.592506409
0.997815609 -0.001343122 0.066046670 0.365059882 0.001742065 0.999980569 -0.005983093 -1.369384766 -0.066037357 0.006085081 0.997798622 98.770286560
0.997705877 -0.001307127 0.067684911 0.433860898 0.001768914 0.999975562 -0.006763116 -1.393210888 -0.067674421 0.006867329 0.997683823 99.938919067
0.997667074 -0.001359304 0.068253852 0.509619653 0.001787641 0.999979079 -0.006214955 -1.419176102 -0.068243973 0.006322469 0.997648656 101.126495361
0.997728765 -0.001189459 0.067349181 0.590864897 0.001499490 0.999988496 -0.004552966 -1.441156864 -0.067342997 0.004643614 0.997719049 102.320373535
0.997797549 -0.001793459 0.066308208 0.652942896 0.002005725 0.999993086 -0.003134770 -1.462329865 -0.066302128 0.003260862 0.997794271 103.502662659
0.997945011 -0.001501471 0.064058177 0.728259742 0.001658740 0.999995768 -0.002401993 -1.481470942 -0.064054295 0.002503313 0.997943282 104.697357178
0.998095036 -0.001019416 0.061686669 0.792408764 0.001145445 0.999997318 -0.002007731 -1.501422763 -0.061684459 0.002074565 0.998093545 105.902938843
0.998266637 -0.000537857 0.058851399 0.861274302 0.000651798 0.999997973 -0.001916898 -1.526304483 -0.058850244 0.001951934 0.998264909 107.120193481
0.998477221 0.000904518 0.055158190 0.916615963 -0.000773728 0.999996841 -0.002392503 -1.544818640 -0.055160180 0.002346183 0.998474777 108.330184937
0.998693526 0.001038750 0.051089246 0.971665084 -0.000942380 0.999997735 -0.001910369 -1.567427635 -0.051091112 0.001859728 0.998692274 109.521804810
0.998890042 0.001450793 0.047081169 1.023749352 -0.001413941 0.999998689 -0.000816032 -1.587218761 -0.047082290 0.000748556 0.998890758 110.745315552
0.999086976 0.002120215 0.042669874 1.074434161 -0.002126055 0.999997735 0.000091493 -1.611934185 -0.042669583 -0.000182128 0.999089241 111.963058472
0.999269545 0.002251505 0.038149036 1.114019752 -0.002274760 0.999997258 0.000566179 -1.627937913 -0.038147654 -0.000652545 0.999271929 113.180290222
0.999444783 0.002666974 0.033211920 1.154610872 -0.002692296 0.999996126 0.000717728 -1.652512431 -0.033209879 -0.000806746 0.999448061 114.413581848
0.999599993 0.003271834 0.028092247 1.184351206 -0.003286890 0.999994457 0.000489761 -1.666501164 -0.028090490 -0.000581901 0.999605238 115.639450073
0.999719203 0.003625848 0.023416214 1.203461766 -0.003627329 0.999993443 0.000020766 -1.683832765 -0.023415983 -0.000105698 0.999725819 116.870964050
0.999809086 0.004798973 0.018942341 1.210081935 -0.004788334 0.999988377 -0.000606943 -1.701469660 -0.018945033 0.000516124 0.999820411 118.107810974
0.999859035 0.006947787 0.015286659 1.229786277 -0.006944436 0.999975860 -0.000272292 -1.729613304 -0.015288182 0.000166097 0.999883115 119.342178345
0.999875784 0.008781479 0.013088702 1.234560013 -0.008781684 0.999961436 -0.000041815 -1.752940774 -0.013088565 -0.000073131 0.999914348 120.555671692
0.999875546 0.010019307 0.012185751 1.242136359 -0.010013200 0.999949694 -0.000562030 -1.770868540 -0.012190769 0.000439941 0.999925613 121.820915222
0.999865472 0.012148159 0.011019106 1.247784853 -0.012145805 0.999926209 -0.000280554 -1.790511370 -0.011021701 0.000146681 0.999939263 123.070861816
0.999854684 0.013693572 0.010152086 1.247507572 -0.013698657 0.999906063 0.000431550 -1.806652665 -0.010145223 -0.000570557 0.999948382 124.294387817
0.999866605 0.013248309 0.009551495 1.255335689 -0.013258482 0.999911606 0.001002463 -1.826814771 -0.009537370 -0.001128968 0.999953866 125.571266174
0.999819040 0.016885579 0.008761937 1.253361106 -0.016912686 0.999852359 0.003028897 -1.843890905 -0.008709499 -0.003176537 0.999957025 126.821121216
0.999805272 0.017996941 0.008094274 1.256626844 -0.018046081 0.999818921 0.006039478 -1.855512619 -0.007984117 -0.006184372 0.999948978 128.080062866
0.999834895 0.016631849 0.007316885 1.263377547 -0.016671373 0.999846578 0.005374184 -1.867440701 -0.007226380 -0.005495280 0.999958813 129.330169678
0.999833465 0.016826712 0.007063745 1.258393407 -0.016854824 0.999850214 0.003939365 -1.880226135 -0.006996400 -0.004057767 0.999967277 130.586578369
0.999878824 0.014211553 0.006354314 1.270562291 -0.014244420 0.999885261 0.005157372 -1.895734549 -0.006280290 -0.005247260 0.999966502 131.865051270
0.999915898 0.011966202 0.005001263 1.279985189 -0.012000554 0.999904215 0.006896016 -1.906899810 -0.004918265 -0.006955454 0.999963701 133.125488281
0.999951363 0.008675661 0.004692627 1.285766482 -0.008716851 0.999923050 0.008829450 -1.919811606 -0.004615664 -0.008869926 0.999949992 134.386260986
0.999966085 0.006680521 0.004821954 1.290506124 -0.006727717 0.999928951 0.009838658 -1.927639365 -0.004755884 -0.009870765 0.999939978 135.677276611
0.999983788 0.002618566 0.005058306 1.294739127 -0.002659294 0.999963939 0.008061773 -1.936222672 -0.005037013 -0.008075094 0.999954700 136.950744629
0.999986053 0.000084022 0.005284100 1.297435760 -0.000121525 0.999974787 0.007097390 -1.948023319 -0.005283371 -0.007097933 0.999960840 138.226669312
0.999985278 -0.000695334 0.005384120 1.304063201 0.000660125 0.999978423 0.006538295 -1.956597328 -0.005388550 -0.006534644 0.999964118 139.514770508
0.999982178 -0.000934978 0.005898408 1.303457618 0.000894015 0.999975502 0.006943668 -1.968168139 -0.005904756 -0.006938270 0.999958515 140.793640137
0.999979794 -0.000400547 0.006348894 1.311226845 0.000342867 0.999958694 0.009083487 -1.980770946 -0.006352270 -0.009081127 0.999938607 142.070419312
0.999972701 0.001894576 0.007142894 1.307954669 -0.001970694 0.999941170 0.010664548 -1.991350293 -0.007122269 -0.010678332 0.999917626 143.345062256
0.999966800 0.001526655 0.008002020 1.310126781 -0.001598409 0.999958515 0.008968282 -2.003582954 -0.007987997 -0.008980775 0.999927759 144.628250122
0.999964297 0.001974647 0.008216963 1.315742135 -0.002035528 0.999970496 0.007407376 -2.016994715 -0.008202094 -0.007423838 0.999938786 145.900985718
0.999957561 0.001603572 0.009073045 1.315295458 -0.001649566 0.999985814 0.005064150 -2.035386562 -0.009064795 -0.005078901 0.999945998 147.190673828
0.999956667 0.000964519 0.009259502 1.325184345 -0.000968946 0.999999404 0.000473606 -2.049010754 -0.009259040 -0.000482558 0.999957025 148.453002930
0.999954283 0.001049083 0.009506512 1.331114769 -0.001022145 0.999995470 -0.002838035 -2.072816849 -0.009509447 0.002828188 0.999950767 149.726715088
0.999947846 0.001160205 0.010146763 1.337406516 -0.001120250 0.999991596 -0.003942583 -2.098028183 -0.010151252 0.003931011 0.999940753 151.011444092
0.999949276 0.001279301 0.009990989 1.344055653 -0.001243531 0.999992788 -0.003585646 -2.126209974 -0.009995504 0.003573040 0.999943674 152.281860352
0.999947667 0.001470136 0.010126965 1.350331426 -0.001438583 0.999994099 -0.003122261 -2.152825356 -0.010131496 0.003107529 0.999943852 153.539932251
0.999950647 0.002023340 0.009725382 1.358469486 -0.002004246 0.999996066 -0.001972658 -2.180006504 -0.009729334 0.001953068 0.999950767 154.800003052
0.999947548 0.002840278 0.009837641 1.356613874 -0.002824159 0.999994636 -0.001651984 -2.201932192 -0.009842280 0.001624114 0.999950230 156.075500488
0.999952316 0.003143403 0.009242827 1.360450864 -0.003127953 0.999993682 -0.001685658 -2.229801178 -0.009248068 0.001656667 0.999955893 157.338882446
0.999956608 0.003502594 0.008634101 1.370046735 -0.003487850 0.999992430 -0.001722156 -2.249553680 -0.008640067 0.001691967 0.999961257 158.623123169
0.999966502 0.002804847 0.007686907 1.378016829 -0.002800591 0.999995947 -0.000564423 -2.272294283 -0.007688459 0.000542876 0.999970317 159.906311035
0.999963939 0.004095291 0.007442462 1.375942111 -0.004093995 0.999991596 -0.000189288 -2.294907570 -0.007443174 0.000158812 0.999972284 161.162643433
0.999967873 0.004282357 0.006772292 1.378033161 -0.004275476 0.999990344 -0.001030265 -2.319768190 -0.006776639 0.001001277 0.999976516 162.430023193
0.999968708 0.004888274 0.006219208 1.379228950 -0.004873450 0.999985278 -0.002396493 -2.342371464 -0.006230831 0.002366109 0.999977767 163.684005737
0.999966800 0.005935862 0.005580700 1.376935720 -0.005922109 0.999979377 -0.002477606 -2.365595102 -0.005595291 0.002444474 0.999981344 164.953979492
0.999974906 0.005229162 0.004777655 1.372644305 -0.005214525 0.999981701 -0.003071073 -2.395888567 -0.004793627 0.003046082 0.999983847 166.225250244
0.999974430 0.005706599 0.004312659 1.375371575 -0.005688464 0.999974966 -0.004205851 -2.420873880 -0.004336552 0.004181211 0.999981880 167.480682373
0.999974251 0.006226770 0.003570494 1.372936845 -0.006212292 0.999972522 -0.004051855 -2.444477797 -0.003595625 0.004029570 0.999985397 168.750701904
0.999977231 0.006150641 0.002775160 1.372310758 -0.006143877 0.999978125 -0.002439092 -2.476344347 -0.002790101 0.002421986 0.999993145 170.019668579
0.999981165 0.005781317 0.002064733 1.367254615 -0.005777399 0.999981523 -0.001898879 -2.504300117 -0.002075673 0.001886914 0.999996066 171.284301758
0.999979079 0.006380193 0.001063788 1.365275264 -0.006378410 0.999978244 -0.001670984 -2.529216766 -0.001074426 0.001664164 0.999998033 172.555938721
0.999973893 0.007174343 0.000889596 1.360626817 -0.007173335 0.999973655 -0.001131980 -2.555495977 -0.000897694 0.001125569 0.999998987 173.830154419
0.999972820 0.007366016 0.000364460 1.358272195 -0.007365231 0.999970675 -0.002107975 -2.578739405 -0.000379977 0.002105233 0.999997735 175.114700317
0.999966264 0.008216972 0.000068072 1.340468764 -0.008216777 0.999963105 -0.002493390 -2.602018833 -0.000088557 0.002492747 0.999996901 176.389678955
0.999959171 0.009025347 -0.000382880 1.334895134 -0.009026184 0.999956727 -0.002240843 -2.627202272 0.000362639 0.002244208 0.999997437 177.638259888
0.999957860 0.009167934 -0.000427240 1.324121356 -0.009169286 0.999952614 -0.003278805 -2.652701139 0.000397160 0.003282584 0.999994516 178.908828735
0.999974072 0.007199413 -0.000215950 1.310239315 -0.007200423 0.999961019 -0.005108320 -2.679063559 0.000179165 0.005109743 0.999986947 180.167327881
0.999991775 0.003990277 -0.000719395 1.320296645 -0.003993884 0.999979079 -0.005084390 -2.703656912 0.000699092 0.005087221 0.999986827 181.449890137
0.999991000 0.003984528 -0.001446582 1.317531586 -0.003986725 0.999990880 -0.001518752 -2.728684425 0.001440517 0.001524505 0.999997795 182.719635010
0.999995112 0.002974596 -0.000944091 1.303685665 -0.002971884 0.999991477 0.002860568 -2.752528429 0.000952592 -0.002857748 0.999995470 183.977676392
0.999988437 0.004745756 -0.000803304 1.295741439 -0.004743882 0.999986053 0.002319551 -2.773657560 0.000814301 -0.002315714 0.999996960 185.234649658
0.999979258 0.006413717 -0.000557364 1.284011126 -0.006414201 0.999979079 -0.000871110 -2.792187214 0.000551765 0.000874667 0.999999464 186.479522705
0.999976218 0.006840307 -0.000896486 1.275829196 -0.006842718 0.999972880 -0.002715419 -2.818095446 0.000877887 0.002721489 0.999995887 187.723464966
0.999979734 0.006301130 -0.000925061 1.265056491 -0.006303326 0.999977291 -0.002390268 -2.845188618 0.000909978 0.002396051 0.999996722 188.969863892
0.999979556 0.006351135 -0.000780655 1.256972075 -0.006352265 0.999978781 -0.001452924 -2.867055655 0.000771410 0.001457853 0.999998629 190.221450806
0.999979615 0.006355466 -0.000601260 1.252751589 -0.006354957 0.999979436 0.000843576 -2.892640114 0.000606609 -0.000839738 0.999999464 191.468063354
0.999984503 0.005561824 0.000280878 1.243721962 -0.005562345 0.999982774 0.001888839 -2.918895483 -0.000270368 -0.001890372 0.999998152 192.720275879
0.999981403 0.005818943 0.001839898 1.239104033 -0.005820900 0.999982476 0.001060206 -2.937839508 -0.001833697 -0.001070896 0.999997735 193.959823608
0.999982655 0.004895540 0.003273802 1.234418273 -0.004894468 0.999987960 -0.000335185 -2.964284420 -0.003275404 0.000319156 0.999994576 195.184616089
0.999979675 0.004414384 0.004600722 1.231817961 -0.004405325 0.999988317 -0.001977397 -2.985987663 -0.004609397 0.001957089 0.999987483 196.409179688
0.999974489 0.003840831 0.006026475 1.234526992 -0.003825032 0.999989212 -0.002630939 -3.009371042 -0.006036515 0.002607820 0.999978364 197.632583618
0.999963105 0.004034898 0.007586153 1.236513734 -0.004021603 0.999990344 -0.001767038 -3.036321878 -0.007593209 0.001736464 0.999969661 198.843307495
0.999955773 0.003601431 0.008687744 1.242001534 -0.003602000 0.999993503 0.000049845 -3.061792135 -0.008687507 -0.000081136 0.999962270 200.069824219
0.999940515 0.004724294 0.009831977 1.241801023 -0.004729007 0.999988735 0.000456160 -3.086762428 -0.009829711 -0.000502628 0.999951541 201.278839111
0.999930263 0.004453231 0.010940566 1.251675606 -0.004458538 0.999989927 0.000460745 -3.108235836 -0.010938404 -0.000509492 0.999940038 202.482543945
0.999917507 0.004694911 0.011954213 1.258768916 -0.004701351 0.999988794 0.000510692 -3.127355814 -0.011951681 -0.000566851 0.999928415 203.689971924
0.999906540 0.004495325 0.012912541 1.270187020 -0.004505431 0.999989569 0.000753643 -3.154357672 -0.012909018 -0.000811749 0.999916375 204.858444214
0.999885082 0.005306604 0.014200235 1.272492528 -0.005315457 0.999985695 0.000585761 -3.174469948 -0.014196923 -0.000661174 0.999899030 206.061645508
0.999878883 0.004730521 0.014827491 1.282869577 -0.004735508 0.999988735 0.000301201 -3.191067934 -0.014825898 -0.000371380 0.999890029 207.240921021
0.999872088 0.003868088 0.015520274 1.293423414 -0.003881806 0.999992073 0.000853837 -3.221268892 -0.015516848 -0.000913974 0.999879181 208.398132324
0.999865770 0.004328851 0.015800977 1.307762980 -0.004354954 0.999989212 0.001617948 -3.244544744 -0.015793802 -0.001686543 0.999873877 209.559234619
0.999876678 0.003558566 0.015294324 1.321964383 -0.003597252 0.999990404 0.002502704 -3.262894630 -0.015285270 -0.002557413 0.999879897 210.700073242
0.999877751 0.003995235 0.015116822 1.331498861 -0.004034612 0.999988556 0.002575295 -3.286911488 -0.015106360 -0.002635971 0.999882400 211.812103271
0.999880493 0.004612759 0.014753502 1.338671088 -0.004636823 0.999987960 0.001597277 -3.308370352 -0.014745957 -0.001665496 0.999889910 212.913619995
0.999886096 0.004752685 0.014325826 1.347984433 -0.004765105 0.999988317 0.000833007 -3.329446316 -0.014321700 -0.000901176 0.999897063 213.996994019
0.999893606 0.004649262 0.013825202 1.354395270 -0.004658473 0.999988973 0.000634102 -3.349356651 -0.013822102 -0.000698439 0.999904215 215.064483643
0.999912739 0.004275089 0.012500810 1.367334723 -0.004284047 0.999990582 0.000689945 -3.373792648 -0.012497744 -0.000743439 0.999921620 216.133148193
0.999930918 0.003970899 0.011064967 1.375653625 -0.003987513 0.999990940 0.001479833 -3.393790483 -0.011058991 -0.001523853 0.999937713 217.181213379
0.999957442 0.003052363 0.008702829 1.386577725 -0.003076342 0.999991477 0.002743305 -3.405922174 -0.008694381 -0.002769962 0.999958396 218.230392456
0.999971926 0.003127771 0.006807948 1.383348346 -0.003160664 0.999983370 0.004826260 -3.432633162 -0.006792739 -0.004847642 0.999965191 219.258193970
0.999983966 0.003697064 0.004290720 1.385610819 -0.003716079 0.999983251 0.004432183 -3.443002462 -0.004274262 -0.004448057 0.999980986 220.268218994
0.999990582 0.003964327 0.001778233 1.382557511 -0.003972154 0.999982357 0.004420057 -3.467845678 -0.001760679 -0.004427079 0.999988675 221.265426636
0.999992788 0.003737104 -0.000695057 1.367726922 -0.003733678 0.999981165 0.004867384 -3.490255356 0.000713234 -0.004864754 0.999987900 222.221588135
0.999984801 0.004317466 -0.003425693 1.353696823 -0.004300816 0.999978960 0.004853141 -3.501741171 0.003446575 -0.004838334 0.999982357 223.161712646
0.999967694 0.004173281 -0.006865530 1.347071767 -0.004137421 0.999977767 0.005229138 -3.527081490 0.006887200 -0.005200564 0.999962747 224.095504761
0.999946952 0.004174479 -0.009415050 1.325828671 -0.004132617 0.999981523 0.004461426 -3.538979292 0.009433500 -0.004422280 0.999945700 224.998260498
0.999909699 0.004246011 -0.012748506 1.314627647 -0.004198992 0.999984264 0.003712760 -3.553358555 0.012764070 -0.003658894 0.999911845 225.862747192
0.999861836 0.005188211 -0.015790256 1.289409876 -0.005130165 0.999979913 0.003714357 -3.573443174 0.015809210 -0.003632838 0.999868453 226.719772339
0.999804497 0.005354315 -0.019035418 1.268349528 -0.005298347 0.999981523 0.002989377 -3.591938972 0.019051071 -0.002887936 0.999814332 227.554687500
0.999752939 0.007170166 -0.021040313 1.238842010 -0.007103678 0.999969542 0.003233060 -3.611672640 0.021062855 -0.003082797 0.999773383 228.378433228
0.999725938 0.008312836 -0.021884739 1.222568750 -0.008241193 0.999960363 0.003361778 -3.617381573 0.021911819 -0.003180500 0.999754846 229.187805176
0.999734044 0.008192112 -0.021557784 1.199741483 -0.008098703 0.999957442 0.004416691 -3.632533073 0.021593049 -0.004240926 0.999757826 229.969787598
0.999738872 0.008287183 -0.021295149 1.177676558 -0.008180063 0.999953449 0.005112451 -3.646196365 0.021336526 -0.004936920 0.999760151 230.737792969
0.999746561 0.007978464 -0.021051683 1.159372211 -0.007875792 0.999956727 0.004955560 -3.663505316 0.021090310 -0.004788506 0.999766111 231.482772827
0.999761403 0.008474213 -0.020132177 1.136190653 -0.008417051 0.999960303 0.002922360 -3.678149462 0.020156143 -0.002752209 0.999793053 232.215667725
0.999781549 0.008324273 -0.019170346 1.119068265 -0.008305477 0.999964952 0.001059900 -3.693489075 0.019178497 -0.000900449 0.999815643 232.945526123
0.999797940 0.009010493 -0.017968906 1.102072358 -0.009021843 0.999959171 -0.000550658 -3.704851866 0.017963212 0.000712659 0.999838412 233.670806885
0.999815524 0.009403279 -0.016748704 1.089418411 -0.009424516 0.999954879 -0.001189484 -3.716734648 0.016736763 0.001347113 0.999859035 234.409927368
0.999848604 0.008853680 -0.014978078 1.077651143 -0.008874736 0.999959707 -0.001339892 -3.730201960 0.014965612 0.001472616 0.999886930 235.133361816
0.999875486 0.008359042 -0.013385508 1.067125797 -0.008380466 0.999963701 -0.001545237 -3.744963884 0.013372106 0.001657222 0.999909222 235.842788696
0.999899566 0.008768667 -0.011131980 1.047057629 -0.008789065 0.999959767 -0.001784841 -3.756552219 0.011115881 0.001882502 0.999936461 236.564437866
0.999921083 0.008415827 -0.009325857 1.047307730 -0.008434947 0.999962389 -0.002012824 -3.775809526 0.009308567 0.002091328 0.999954462 237.285659790
0.999943852 0.008230068 -0.006676155 1.041828990 -0.008241391 0.999964654 -0.001670380 -3.788104296 0.006662171 0.001725307 0.999976337 237.989410400
0.999967933 0.007226400 -0.003452284 1.037229896 -0.007230015 0.999973297 -0.001035935 -3.803512096 0.003444706 0.001060862 0.999993503 238.699295044
0.999976397 0.006869689 -0.000180520 1.034367681 -0.006869798 0.999976218 -0.000608533 -3.820559978 0.000176335 0.000609759 0.999999821 239.386764526
0.999974132 0.006637386 0.002774937 1.036693931 -0.006635683 0.999977767 -0.000622544 -3.834169865 -0.002779007 0.000604114 0.999995947 240.087799072
0.999964774 0.006048306 0.005824714 1.037963867 -0.006043885 0.999981463 -0.000776390 -3.848961115 -0.005829302 0.000741158 0.999982715 240.774063110
0.999943793 0.006026880 0.008725840 1.042217135 -0.006021084 0.999981642 -0.000690355 -3.866369247 -0.008729840 0.000637778 0.999961674 241.468475342
0.999907434 0.007134147 0.011586282 1.047473311 -0.007110848 0.999972641 -0.002050830 -3.876105785 -0.011600596 0.001968252 0.999930799 242.170120239
0.999867618 0.007309376 0.014538010 1.055848241 -0.007273736 0.999970436 -0.002502861 -3.889978647 -0.014555874 0.002396784 0.999891162 242.865966797
0.999819815 0.007598510 0.017396422 1.064793825 -0.007575404 0.999970317 -0.001393651 -3.905184269 -0.017406495 0.001261615 0.999847710 243.570983887
0.999772012 0.007616769 0.019948957 1.079449773 -0.007598646 0.999970675 -0.000984075 -3.915850878 -0.019955868 0.000832265 0.999800503 244.278457642
0.999718010 0.007356582 0.022577582 1.090536952 -0.007331415 0.999972403 -0.001197273 -3.928877831 -0.022585766 0.001031409 0.999744356 244.981124878
0.999665260 0.007404810 0.024790423 1.103311181 -0.007336452 0.999969006 -0.002847282 -3.942198992 -0.024810739 0.002664456 0.999688625 245.687210083
0.999634385 0.007106460 0.026088679 1.127972960 -0.006973654 0.999962270 -0.005178004 -3.955159187 -0.026124492 0.004994177 0.999646246 246.407379150
0.999605417 0.006493729 0.027328728 1.145357609 -0.006306664 0.999956131 -0.006925617 -3.966879129 -0.027372502 0.006750531 0.999602497 247.125091553
0.999611974 0.006574826 0.027067771 1.168451428 -0.006379631 0.999953091 -0.007291407 -3.982037544 -0.027114442 0.007115895 0.999607027 247.848022461
0.999617696 0.004682691 0.027249347 1.185203910 -0.004477747 0.999961257 -0.007577220 -4.001067162 -0.027283773 0.007452307 0.999599934 248.572921753
0.999610126 0.006249819 0.027211811 1.206000328 -0.006032161 0.999949217 -0.008073418 -4.015093327 -0.027260888 0.007906125 0.999597073 249.312179565
0.999591947 0.006652765 0.027779493 1.221039534 -0.006417556 0.999942899 -0.008547602 -4.030937195 -0.027834771 0.008365838 0.999577522 250.047225952
0.999598324 0.005691491 0.027764142 1.239123106 -0.005402777 0.999930680 -0.010462753 -4.048786640 -0.027821764 0.010308546 0.999559760 250.797210693
0.999596834 0.001912485 0.028328039 1.259638190 -0.001558648 0.999920547 -0.012507521 -4.068752289 -0.028349709 0.012458325 0.999520421 251.547210693
0.999587893 -0.001299656 0.028677104 1.288148284 0.001682517 0.999909699 -0.013330654 -4.086325169 -0.028657191 0.013373410 0.999499857 252.305862427
0.999567807 0.000960904 0.029381404 1.305517316 -0.000684434 0.999955416 -0.009418313 -4.100936890 -0.029389145 0.009394133 0.999523878 253.075729370
0.999538183 0.004762118 0.030013150 1.315660834 -0.004664511 0.999983609 -0.003321292 -4.116656303 -0.030028474 0.003179762 0.999543965 253.881622314
0.999522746 0.003904919 0.030643111 1.342586279 -0.003914020 0.999992311 0.000237007 -4.135381699 -0.030641951 -0.000356832 0.999530375 254.667068481
0.999440610 0.002821518 0.033324167 1.365527511 -0.002752320 0.999993980 -0.002122209 -4.144438744 -0.033329953 0.002029303 0.999442339 255.455795288
0.999306500 0.003903785 0.037030615 1.397330046 -0.003601356 0.999959648 -0.008230188 -4.158652306 -0.037061248 0.008091120 0.999280214 256.279876709
0.999135256 0.006154044 0.041120157 1.417936802 -0.005673534 0.999914348 -0.011792010 -4.172748566 -0.041189205 0.011548516 0.999084592 257.084472656
0.998997569 0.007840682 0.044073086 1.449110270 -0.007341865 0.999907255 -0.011468455 -4.190721512 -0.044158921 0.011133380 0.998962462 257.899536133
0.998879194 0.006594794 0.046871323 1.498974442 -0.006159994 0.999936700 -0.009414877 -4.204571724 -0.046930447 0.009115597 0.998856544 258.757263184
0.998760223 0.003191225 0.049677067 1.544121861 -0.002892989 0.999977350 -0.006074255 -4.224731922 -0.049695324 0.005923009 0.998746872 259.589630127
0.998618245 0.000510700 0.052548099 1.589439750 -0.000269534 0.999989390 -0.004596415 -4.243021965 -0.052549887 0.004575901 0.998607814 260.428497314
0.998426855 0.001645837 0.056045745 1.623996258 -0.001413499 0.999990225 -0.004184901 -4.257308483 -0.056052085 0.004099097 0.998419404 261.281585693
0.998278618 0.004125479 0.058504552 1.671036363 -0.003762360 0.999972999 -0.006315469 -4.274260044 -0.058529023 0.006084482 0.998267174 262.125305176
0.998134434 0.005041588 0.060846459 1.717958570 -0.004517452 0.999951541 -0.008748565 -4.289447784 -0.060887616 0.008457372 0.998108804 262.961517334
0.997955680 0.004821117 0.063727617 1.758335471 -0.004290672 0.999954998 -0.008457875 -4.317199707 -0.063765526 0.008167150 0.997931480 263.800292969
0.997803986 0.006210028 0.065944262 1.832195044 -0.005795250 0.999962211 -0.006479260 -4.337549686 -0.065982006 0.006082868 0.997802258 264.691040039
0.997568130 0.007768076 0.069263719 1.880436301 -0.007452253 0.999960601 -0.004816960 -4.358103752 -0.069298409 0.004289075 0.997586727 265.532836914
0.997358561 0.008240784 0.072166398 1.938928485 -0.007873012 0.999954522 -0.005379152 -4.371908665 -0.072207443 0.004796776 0.997378111 266.389831543
0.997183740 0.008581131 0.074504487 2.009212494 -0.008164662 0.999949336 -0.005892630 -4.386264324 -0.074551277 0.005267731 0.997203290 267.271972656
0.996990442 0.006972312 0.077210329 2.071111441 -0.006499607 0.999958575 -0.006371915 -4.403345585 -0.077251561 0.005850901 0.996994436 268.118164062
0.996871889 0.004054900 0.078930043 2.137129068 -0.003617527 0.999977291 -0.005683481 -4.424137592 -0.078951292 0.005380171 0.996863961 268.965393066
0.996821105 0.003463031 0.079597376 2.204433203 -0.002991179 0.999977231 -0.006046455 -4.439839840 -0.079616502 0.005789144 0.996808767 269.824249268
0.996764004 0.001874471 0.080361553 2.277519464 -0.001443458 0.999984264 -0.005421174 -4.465874195 -0.080370449 0.005287632 0.996751010 270.704406738
0.996734440 0.002022956 0.080723710 2.343006849 -0.001585014 0.999983668 -0.005488904 -4.479009151 -0.080733493 0.005343032 0.996721387 271.556060791
0.996763527 0.001756822 0.080369949 2.406706333 -0.001372287 0.999987364 -0.004839539 -4.500242710 -0.080377430 0.004713586 0.996753335 272.414031982
0.996750474 0.002677325 0.080506697 2.453079939 -0.002320034 0.999987066 -0.004531239 -4.517224312 -0.080517784 0.004329736 0.996743798 273.263641357
0.996892810 0.002411523 0.078733139 2.543020964 -0.002004124 0.999984205 -0.005253038 -4.537488461 -0.078744560 0.005078925 0.996881902 274.164184570
0.997005641 0.002713099 0.077281073 2.602337837 -0.002253024 0.999979198 -0.006039836 -4.555760860 -0.077295855 0.005847635 0.996991038 275.018524170
0.997122347 0.003080619 0.075746424 2.660547256 -0.002552434 0.999971747 -0.007068895 -4.572122574 -0.075766057 0.006855216 0.997102082 275.874938965
0.997249544 0.004381211 0.073987477 2.725458384 -0.003871488 0.999967813 -0.007031323 -4.596407890 -0.074015900 0.006725543 0.997234404 276.755798340
0.997366905 0.005321020 0.072324999 2.779636145 -0.004814201 0.999962628 -0.007180040 -4.618070126 -0.072360501 0.006812947 0.997355282 277.605529785
0.997527778 0.006661591 0.069957115 2.842711926 -0.006193019 0.999956906 -0.006912749 -4.631795406 -0.070000149 0.006462413 0.997526050 278.476745605
0.997727990 0.006541713 0.067052782 2.894358635 -0.006185701 0.999965668 -0.005515676 -4.649675846 -0.067086555 0.005088375 0.997734189 279.323150635
0.998010814 0.005106889 0.062835984 2.949016333 -0.004925981 0.999983251 -0.003033623 -4.669074059 -0.062850423 0.002718060 0.998019278 280.180511475
0.998296678 0.003603858 0.058229975 2.993809938 -0.003550377 0.999993205 -0.001021878 -4.693213463 -0.058233261 0.000813399 0.998302698 281.034698486
0.998565912 0.003230277 0.053438988 3.031935930 -0.003240370 0.999994755 0.000102218 -4.706788540 -0.053438377 -0.000275234 0.998571098 281.865447998
0.998793662 0.003487905 0.048979729 3.059962988 -0.003529925 0.999993443 0.000771433 -4.721215248 -0.048976719 -0.000943398 0.998799503 282.680725098
0.999017119 0.002495873 0.044256087 3.098089933 -0.002557672 0.999995828 0.001339830 -4.738306999 -0.044252556 -0.001451705 0.999019325 283.505859375
0.999225855 0.001256999 0.039321065 3.127267361 -0.001321022 0.999997854 0.001602274 -4.753843784 -0.039318968 -0.001652978 0.999225318 284.314636230
0.999371409 0.001102141 0.035434678 3.152131796 -0.001149686 0.999998450 0.001321427 -4.769001961 -0.035433166 -0.001361335 0.999371111 285.101898193
0.999505460 0.001541426 0.031408492 3.174037457 -0.001577247 0.999998152 0.001115756 -4.781796932 -0.031406712 -0.001164743 0.999505997 285.876922607
0.999615431 0.002025597 0.027657468 3.190827847 -0.002055135 0.999997377 0.001039598 -4.796228409 -0.027655289 -0.001096038 0.999616921 286.630920410
