1.000000000 0.000000000 0.000000000 0.000000000 0.000000000 1.000000000 0.000000000 0.000000000 0.000000000 0.000000000 1.000000000 0.000000000
0.999991536 -0.002356232 -0.003378429 -0.003953317 0.002348623 0.999994695 -0.002254475 -0.003411037 0.003383723 0.002246521 0.999991775 0.666553199
0.999972045 -0.001046179 -0.007399912 -0.015641833 0.001020014 0.999993205 -0.003538746 -0.010877783 0.007403564 0.003531099 0.999966383 1.356092215
0.999937117 -0.001508977 -0.011111135 -0.027002586 0.001455211 0.999987185 -0.004845403 -0.015536102 0.011118304 0.004828929 0.999926507 2.060542345
0.999871075 0.000075835 -0.016055219 -0.044161588 -0.000165575 0.999984384 -0.005588175 -0.017213292 0.016054545 0.005590113 0.999855518 2.786020994
0.999794781 -0.000613557 -0.020249406 -0.065791383 0.000496876 0.999983251 -0.005766691 -0.027228070 0.020252604 0.005755446 0.999778330 3.523981571
0.999695837 0.000669006 -0.024653941 -0.089594893 -0.000845064 0.999974191 -0.007131434 -0.032950204 0.024648534 0.007150099 0.999670625 4.276349068
0.999557555 0.003263860 -0.029563835 -0.120852746 -0.003497052 0.999963164 -0.007839465 -0.038822789 0.029537158 0.007939382 0.999532163 5.042309761
0.999418676 0.003830401 -0.033877358 -0.153719544 -0.004041303 0.999972880 -0.006159194 -0.049801286 0.033852845 0.006292522 0.999406993 5.831551075
0.999261320 0.003106370 -0.038303062 -0.188690349 -0.003245206 0.999988377 -0.003563025 -0.054808058 0.038291551 0.003684695 0.999259830 6.630057335
0.999133646 0.002530347 -0.041539349 -0.231467724 -0.002553956 0.999996603 -0.000515301 -0.068759039 0.041537903 0.000620945 0.999136746 7.440715790
0.999015987 0.004219764 -0.044150069 -0.271190345 -0.004296396 0.999989450 -0.001640959 -0.075964414 0.044142678 0.001829030 0.999023557 8.244690895
0.998926342 0.003839924 -0.046166904 -0.318347603 -0.003927550 0.999990642 -0.001807453 -0.082468301 0.046159536 0.001986835 0.998932123 9.061275482
0.998839855 0.001359395 -0.048136100 -0.358094960 -0.001481243 0.999995768 -0.002495738 -0.087910779 0.048132505 0.002564143 0.998837650 9.892876625
0.998736501 0.000859336 -0.050246403 -0.397459984 -0.000940377 0.999998271 -0.001589257 -0.097737260 0.050244950 0.001634499 0.998735607 10.730784416
0.998658895 -0.000619450 -0.051769529 -0.442764014 0.000514744 0.999997795 -0.002035851 -0.104096599 0.051770676 0.002006473 0.998656988 11.577672005
0.998570144 0.001775848 -0.053427696 -0.498122334 -0.002007606 0.999988794 -0.004284442 -0.115022093 0.053419489 0.004385578 0.998562515 12.432312965
0.998503566 0.002399654 -0.054633670 -0.551930189 -0.002773239 0.999973297 -0.006763218 -0.130389571 0.054615982 0.006904610 0.998483539 13.292229652
0.998392582 0.006296029 -0.056326449 -0.612268627 -0.006775004 0.999942482 -0.008316643 -0.143140718 0.056270849 0.008684886 0.998377740 14.161566734
0.998312831 0.007392219 -0.057591766 -0.662473798 -0.007864128 0.999937296 -0.007971700 -0.154175982 0.057529226 0.008411160 0.998308361 15.048829079
0.998230338 0.006333712 -0.059127621 -0.717214167 -0.006734540 0.999955654 -0.006582234 -0.166755050 0.059083309 0.006968783 0.998228729 15.942788124
0.998153985 0.007354418 -0.060287371 -0.779144287 -0.007668742 0.999958158 -0.004984045 -0.181208163 0.060248196 0.005437172 0.998168647 16.834184647
0.998099148 0.006898288 -0.061241355 -0.836166084 -0.007202167 0.999962807 -0.004742632 -0.197092101 0.061206359 0.005174687 0.998111725 17.742307663
0.997995555 0.006899284 -0.062906399 -0.894081712 -0.007272537 0.999957263 -0.005706419 -0.208518565 0.062864341 0.006152470 0.998003125 18.647672653
0.997935414 0.005537342 -0.063986562 -0.961460471 -0.005936031 0.999964118 -0.006042389 -0.224492028 0.063950807 0.006409740 0.997932494 19.563329697
0.997910440 0.005131640 -0.064407937 -1.013436079 -0.005436419 0.999974847 -0.004557627 -0.233407795 0.064382926 0.004898252 0.997913241 20.473655701
0.997886062 0.006174041 -0.064693540 -1.073617816 -0.006270581 0.999979496 -0.001289319 -0.242650017 0.064684257 0.001692259 0.997904360 21.403051376
0.997938693 0.007132723 -0.063776650 -1.138114691 -0.006979085 0.999972165 0.002631468 -0.256829083 0.063793644 -0.002180941 0.997960746 22.319309235
0.998047352 0.005698803 -0.062201526 -1.196256876 -0.005359503 0.999969840 0.005620338 -0.265440911 0.062231682 -0.005275994 0.998047769 23.259754181
0.998149693 0.005931357 -0.060514480 -1.261880279 -0.005557903 0.999964476 0.006337773 -0.269543260 0.060549922 -0.005989712 0.998147190 24.198436737
0.998245895 0.006146059 -0.058884453 -1.324605703 -0.005957004 0.999976516 0.003385602 -0.271917999 0.058903880 -0.003028888 0.998259068 25.134248734
0.998276889 0.006965823 -0.058264475 -1.371890664 -0.007056096 0.999974191 -0.001343775 -0.281228811 0.058253612 0.001752579 0.998300254 26.091711044
0.998360097 0.006116014 -0.056918267 -1.433112621 -0.006367272 0.999970794 -0.004234067 -0.289326668 0.056890707 0.004589537 0.998369873 27.035446167
0.998416901 0.003675001 -0.056126066 -1.490553260 -0.003869558 0.999986887 -0.003358140 -0.295156151 0.056112990 0.003570007 0.998418033 28.010828018
0.998403370 0.002750558 -0.056418896 -1.543516755 -0.002666516 0.999995232 0.001564836 -0.311538070 0.056422930 -0.001411896 0.998405933 28.988111496
0.998364270 -0.000937781 -0.057165109 -1.600829840 0.001222645 0.999987006 0.004948411 -0.321625918 0.057159726 -0.005010210 0.998352468 29.962631226
0.998253345 -0.008558947 -0.058455031 -1.642209053 0.008836102 0.999950886 0.004484493 -0.330967039 0.058413781 -0.004993175 0.998279989 30.939014435
0.998162687 -0.010553632 -0.059664726 -1.701079488 0.010603131 0.999943674 0.000513075 -0.336959749 0.059655949 -0.001144765 0.998218358 31.913366318
0.998063982 -0.009921166 -0.061398923 -1.763322473 0.009709924 0.999945879 -0.003737897 -0.341529280 0.061432686 0.003134482 0.998106301 32.902526855
0.997931182 -0.009795819 -0.063540794 -1.826936007 0.009559892 0.999946237 -0.004015984 -0.352377892 0.063576721 0.003400232 0.997971177 33.893299103
0.997906029 -0.009873574 -0.063922212 -1.898025393 0.009725296 0.999949276 -0.002630408 -0.363715976 0.063944936 0.002003238 0.997951388 34.882091522
0.997841358 -0.006514438 -0.065347008 -1.968400598 0.006532364 0.999978662 0.000060652 -0.377153963 0.065345220 -0.000487392 0.997862577 35.888458252
0.997792006 -0.006352017 -0.066111483 -2.043421030 0.006464757 0.999978006 0.001491505 -0.388077855 0.066100553 -0.001915607 0.997811139 36.879158020
0.997704864 -0.004959821 -0.067530990 -2.110483646 0.005237444 0.999978542 0.003934617 -0.397733212 0.067510024 -0.004279276 0.997709394 37.896575928
0.997723758 -0.004545637 -0.067280300 -2.175059557 0.005029261 0.999962687 0.007020560 -0.409242153 0.067245878 -0.007342950 0.997709394 38.881538391
0.997698188 0.001151785 -0.067801446 -2.256175756 -0.000529421 0.999957561 0.009196469 -0.413462609 0.067809157 -0.009139404 0.997656465 39.888473511
0.997674942 0.001332462 -0.068139225 -2.331269741 -0.000762178 0.999964476 0.008394702 -0.415628552 0.068147987 -0.008323249 0.997640491 40.891128540
0.997688532 0.001152784 -0.067943074 -2.399025440 -0.000695641 0.999976993 0.006751592 -0.419907749 0.067949295 -0.006688722 0.997666359 41.868476868
0.997677147 0.003413285 -0.068034448 -2.469264746 -0.003118045 0.999985278 0.004445289 -0.425823241 0.068048619 -0.004222829 0.997673094 42.871799469
0.997605801 0.003521325 -0.069067210 -2.540461302 -0.003211564 0.999984264 0.004595445 -0.436586678 0.069082312 -0.004362629 0.997601449 43.865531921
0.997533023 0.001211901 -0.070187919 -2.616819382 -0.000822290 0.999984086 0.005579603 -0.439456671 0.070193566 -0.005508123 0.997518182 44.868690491
0.997478306 0.001416558 -0.070957579 -2.686405420 -0.000929107 0.999975741 0.006902145 -0.449569821 0.070965633 -0.006818813 0.997455478 45.847465515
0.997456074 0.003928056 -0.071175732 -2.763885021 -0.003693629 0.999987304 0.003424961 -0.461506367 0.071188278 -0.003153351 0.997457922 46.823364258
0.997402251 0.004120298 -0.071915179 -2.844670057 -0.004175634 0.999991119 -0.000619145 -0.470430851 0.071911991 0.000917828 0.997410536 47.793125153
0.997329950 0.005111072 -0.072847784 -2.908930779 -0.005287652 0.999983549 -0.002231315 -0.475546211 0.072835177 0.002610551 0.997340560 48.764484406
0.997331858 0.004059137 -0.072888032 -2.985370159 -0.003960163 0.999991059 0.001502356 -0.491342694 0.072893478 -0.001209699 0.997339010 49.743545532
0.997328877 0.002035639 -0.073013745 -3.059991360 -0.001712527 0.999988437 0.004487700 -0.501062810 0.073022038 -0.004350675 0.997320831 50.711456299
0.997317731 0.000002441 -0.073194176 -3.126762867 0.000380735 0.999986291 0.005221107 -0.510175109 0.073193185 -0.005234969 0.997304022 51.665355682
0.997302711 -0.003170835 -0.073329329 -3.199067593 0.003473727 0.999985933 0.004003410 -0.520282030 0.073315606 -0.004247339 0.997299731 52.616199493
0.997282863 -0.005648915 -0.073450148 -3.272936106 0.005862062 0.999979198 0.002686686 -0.528973639 0.073433444 -0.003109956 0.997295260 53.565162659
0.997160017 -0.007257154 -0.074961618 -3.328331470 0.007601262 0.999961853 0.004306166 -0.548241854 0.074927509 -0.004863740 0.997177124 54.514793396
0.997044027 -0.010084683 -0.076167770 -3.399157524 0.010741568 0.999908507 0.008219439 -0.553136349 0.076077908 -0.009013304 0.997061133 55.469753265
0.997004211 -0.010744107 -0.076597124 -3.473469019 0.011792790 0.999842644 0.013251745 -0.556601465 0.076442689 -0.014115340 0.996974051 56.415962219
0.996949673 -0.009755353 -0.077434719 -3.551303387 0.011002417 0.999816298 0.015694443 -0.562523067 0.077267386 -0.016498540 0.996873915 57.366699219
0.996840656 -0.008648022 -0.078955077 -3.623836756 0.009572579 0.999889910 0.011338930 -0.559697509 0.078848325 -0.012058909 0.996813715 58.306255341
0.996744812 -0.007013221 -0.080315858 -3.704039574 0.007321021 0.999966919 0.003538533 -0.563122392 0.080288388 -0.004115008 0.996763170 59.220993042
0.996692061 -0.005193321 -0.081104957 -3.787189007 0.005114414 0.999986231 -0.001180618 -0.573563993 0.081109971 0.000761908 0.996704876 60.139205933
0.996615529 -0.000226213 -0.082203440 -3.868096590 0.000195663 0.999999881 -0.000379699 -0.583035469 0.082203522 0.000362330 0.996615469 61.038547516
0.996519506 0.001863490 -0.083339170 -3.950648546 -0.001724386 0.999997020 0.001741077 -0.594534934 0.083342165 -0.001591308 0.996519744 61.955627441
0.996433735 0.004355113 -0.084266596 -4.029657841 -0.004093799 0.999986291 0.003273583 -0.607882857 0.084279694 -0.002916939 0.996437848 62.845394135
0.996331930 0.005945798 -0.085365571 -4.113654137 -0.005686358 0.999978423 0.003281995 -0.625007629 0.085383244 -0.002784538 0.996344268 63.721138000
0.996222496 0.006855296 -0.086566567 -4.196354389 -0.006529612 0.999970496 0.004044843 -0.632144749 0.086591743 -0.003464317 0.996237874 64.555839539
0.996099293 0.007912615 -0.087883949 -4.275214672 -0.007525921 0.999960482 0.004730535 -0.645376801 0.087917909 -0.004050675 0.996119499 65.390792847
0.995968401 0.007980729 -0.089348823 -4.347360134 -0.007538826 0.999957621 0.005282207 -0.660928667 0.089387193 -0.004587327 0.995986402 66.213096619
0.995871782 0.007250489 -0.090481192 -4.427385807 -0.006716741 0.999958217 0.006202100 -0.664145947 0.090522379 -0.005568757 0.995878875 67.030097961
0.995719910 0.010533014 -0.091819949 -4.508543491 -0.009779753 0.999914765 0.008649775 -0.670140088 0.091903232 -0.007714776 0.995738029 67.824661255
0.995576978 0.011640527 -0.093225166 -4.587929726 -0.010461959 0.999859214 0.013120947 -0.678593636 0.093364775 -0.012087596 0.995558619 68.623489380
0.995388389 0.014880352 -0.094765939 -4.671234608 -0.013531677 0.999798059 0.014858420 -0.683532059 0.094967894 -0.013507557 0.995388687 69.402030945
0.995216072 0.017479181 -0.096121974 -4.751835823 -0.016522871 0.999805868 0.010735933 -0.690003753 0.096290961 -0.009096363 0.995311677 70.148521423
0.995083511 0.017563663 -0.097469777 -4.827678680 -0.017309781 0.999844193 0.003449784 -0.697673500 0.097515181 -0.001745643 0.995232522 70.873817444
0.994944155 0.016635163 -0.099042669 -4.896699905 -0.016947608 0.999853730 -0.002314104 -0.708041430 0.098989680 0.003980940 0.995080471 71.579788208
0.994915068 0.017477466 -0.099189378 -4.971738815 -0.017912284 0.999833465 -0.003494793 -0.714723945 0.099111781 0.005253730 0.995062411 72.268196106
0.994782627 0.019981818 -0.100041352 -5.052765369 -0.020074081 0.999798477 0.000084426 -0.725837350 0.100022882 0.001924253 0.994983256 72.951995850
0.994657576 0.020605462 -0.101152018 -5.128352642 -0.020473022 0.999787629 0.002347357 -0.741070390 0.101178907 -0.000263929 0.994868219 73.605766296
0.994612515 0.017250357 -0.102217101 -5.188302517 -0.017406560 0.999848306 -0.000636325 -0.757464409 0.102190614 0.002412145 0.994761884 74.233268738
0.994695544 0.008722002 -0.102492355 -5.238956451 -0.009397312 0.999937177 -0.006107881 -0.767331123 0.102432646 0.007038634 0.994715035 74.855957031
0.994824588 0.004592587 -0.101503424 -5.293935299 -0.005729524 0.999924064 -0.010912278 -0.777658224 0.101445600 0.011437369 0.994775355 75.450012207
0.995103359 0.007047709 -0.098588116 -5.350670815 -0.008193819 0.999903440 -0.011225170 -0.789206266 0.098499484 0.011978017 0.995065033 76.031059265
0.995483041 0.012187259 -0.094153747 -5.416440487 -0.013002593 0.999883056 -0.008050952 -0.803652346 0.094044618 0.009238830 0.995525122 76.597190857
0.995896459 0.010836725 -0.089848876 -5.460011005 -0.011311638 0.999924600 -0.004778160 -0.819390893 0.089790322 0.005774890 0.995943964 77.159187317
0.996439457 0.007356848 -0.083989732 -5.498275280 -0.007429200 0.999972224 -0.000548923 -0.830715954 0.083983362 0.001170945 0.996466458 77.703437805
0.997130096 0.002668157 -0.075659968 -5.530058384 -0.002453860 0.999992728 0.002925185 -0.843731403 0.075667225 -0.002731131 0.997129381 78.232666016
0.997855663 0.006365056 -0.065142497 -5.559497833 -0.006203865 0.999977171 0.002676434 -0.852917969 0.065158039 -0.002266560 0.997872412 78.745956421
0.998678684 0.011519318 -0.050081328 -5.585486889 -0.011427350 0.999932468 0.002122320 -0.859820843 0.050102394 -0.001547219 0.998742878 79.254951477
0.999356925 0.016578395 -0.031794056 -5.604088783 -0.016507609 0.999860644 0.002487610 -0.862595737 0.031830866 -0.001961166 0.999491334 79.744636536
0.999837458 0.015084934 -0.009875271 -5.589284420 -0.015053762 0.999881506 0.003223365 -0.871492803 0.009922724 -0.003074181 0.999946058 80.232414246
0.999796867 0.011405135 0.016617542 -5.564956188 -0.011475308 0.999925613 0.004133595 -0.880049586 -0.016569162 -0.004323447 0.999853373 80.694824219
0.998870611 0.010359713 0.046369936 -5.524590969 -0.010646574 0.999925673 0.005943681 -0.890007317 -0.046304915 -0.006430649 0.998906672 81.151428223
0.996812880 0.009813376 0.079169288 -5.460465431 -0.010420601 0.999919355 0.007260461 -0.895590127 -0.079091653 -0.008062312 0.996834755 81.591957092
0.993172884 0.009825989 0.116237111 -5.377384186 -0.010759553 0.999914706 0.007406804 -0.897576571 -0.116154410 -0.008606896 0.993193865 82.029731750
0.987307072 0.009948995 0.158510953 -5.292456627 -0.011213530 0.999912024 0.007085177 -0.897299469 -0.158426508 -0.008772713 0.987331808 82.464866638
0.979194522 0.009154087 0.202717140 -5.169059277 -0.010882188 0.999913335 0.007411730 -0.910478771 -0.202631727 -0.009463531 0.979209304 82.870140076
0.967772424 0.011713357 0.251553774 -5.042132854 -0.013389328 0.999898076 0.004951867 -0.913242638 -0.251470149 -0.008160416 0.967830658 83.258567810
0.952206194 0.012747112 0.305189848 -4.898355484 -0.014167484 0.999896646 0.002439702 -0.925919056 -0.305127203 -0.006646871 0.952288389 83.623809814
0.932313800 0.012909012 0.361419916 -4.723076820 -0.013955150 0.999902606 0.000284500 -0.932255745 -0.361381024 -0.005308912 0.932403088 83.995101929
0.908272207 0.013606760 0.418158472 -4.516064167 -0.014172890 0.999898016 -0.001751799 -0.935510874 -0.418139666 -0.004335403 0.908372402 84.344039917
0.879342794 0.013857763 0.475987703 -4.298930645 -0.013514165 0.999900103 -0.004144636 -0.937627196 -0.475997567 -0.002788020 0.879442215 84.666351318
0.845837474 0.012562051 0.533292711 -4.058834076 -0.011152358 0.999920607 -0.005865395 -0.949432731 -0.533324063 -0.000986299 0.845910430 84.972488403
0.808910728 0.012680267 0.587794781 -3.794039726 -0.010064247 0.999919534 -0.007720671 -0.953663468 -0.587845385 0.000329624 0.808973312 85.268615723
0.767916679 0.010890783 0.640457213 -3.519542694 -0.008656536 0.999940574 -0.006624389 -0.965906501 -0.640491307 -0.000457162 0.767965317 85.573005676
0.727694869 0.010899389 0.685814381 -3.226482391 -0.010902257 0.999931216 -0.004323506 -0.978212953 -0.685814321 -0.004330731 0.727763653 85.752204895
0.682030737 0.009890713 0.731256664 -2.924558640 -0.010105439 0.999940515 -0.004099661 -0.984307945 -0.731253743 -0.004593574 0.682090163 85.986968994
0.635622025 0.008465524 0.771954060 -2.603666306 -0.007033493 0.999961853 -0.005174607 -0.994602382 -0.771968424 -0.002140439 0.635657310 86.190124512
0.588343918 0.005792902 0.808590114 -2.269725800 -0.001409626 0.999980152 -0.006138391 -1.003536224 -0.808609664 0.002471675 0.588340402 86.380165100
0.542269588 0.007948427 0.840166986 -1.927902222 -0.003510791 0.999967933 -0.007194257 -1.014052987 -0.840197265 0.000951577 0.542280138 86.548934937
0.495045960 0.010901129 0.868798435 -1.597232819 -0.006977002 0.999938905 -0.008571064 -1.021782398 -0.868838847 -0.001818537 0.495091796 86.700622559
0.450149715 0.013224763 0.892855227 -1.251132965 -0.008261207 0.999909222 -0.010645380 -1.031919241 -0.892914951 -0.002584045 0.450218081 86.832077026
0.405753970 0.011204015 0.913913786 -0.902492523 -0.000749188 0.999928594 -0.011925885 -1.031138539 -0.913982153 0.004154283 0.405733347 86.967254639
0.366604209 0.003180649 0.930371642 -0.532539368 0.014522944 0.999852777 -0.009140815 -1.038656235 -0.930263758 0.016862795 0.366504014 87.051780701
0.331090689 -0.000167695 0.943599045 -0.168441772 0.018542461 0.999808073 -0.006328511 -1.040252447 -0.943416834 0.019591959 0.331030250 87.140777588
0.297927082 0.003948362 0.954580545 0.202045441 0.016252596 0.999825537 -0.009207985 -1.047264457 -0.954450369 0.018257720 0.297810912 87.241119385
0.267040074 0.011320141 0.963619053 0.565509796 0.005280877 0.999898791 -0.013209790 -1.064841390 -0.963671088 0.008616298 0.266953290 87.336029053
0.237966657 0.016081266 0.971140265 0.966346741 0.000567602 0.999860466 -0.016695933 -1.077665091 -0.971273243 0.004524298 0.237924278 87.436630249
0.212114394 0.017917858 0.977080643 1.346672058 0.000979993 0.999827504 -0.018547744 -1.096050858 -0.977244437 0.004891777 0.212060273 87.502555847
0.188851774 0.019195454 0.981818020 1.750068665 0.008328414 0.999741673 -0.021147843 -1.106765985 -0.981970370 0.012170795 0.188643157 87.550659180
0.168839395 0.025068808 0.985324800 2.162277222 0.015359697 0.999488175 -0.028061105 -1.110588074 -0.985523939 0.019872110 0.168367922 87.593536377
0.149139881 0.032725718 0.988274515 2.586227417 0.018082971 0.999194801 -0.035816226 -1.102873445 -0.988650858 0.023212569 0.148428023 87.643806458
0.131591737 0.033207111 0.990747631 3.031272888 0.015727578 0.999243021 -0.035580799 -1.117752194 -0.991179228 0.020264199 0.130969822 87.696319580
0.116153955 0.028739721 0.992815375 3.488334656 0.013748515 0.999439001 -0.030539962 -1.142903686 -0.993136108 0.017197076 0.115693688 87.744140625
0.101421595 0.025525767 0.994516134 3.960083008 0.014036518 0.999534547 -0.027086034 -1.163498163 -0.994744658 0.016706653 0.101016104 87.790397644
0.088588595 0.023403995 0.995793402 4.434669495 0.016821593 0.999546170 -0.024988696 -1.176741123 -0.995926321 0.018964544 0.088154674 87.815940857
0.076795161 0.022263708 0.996798277 4.935203552 0.019859819 0.999518156 -0.023854494 -1.195956469 -0.996849060 0.021628143 0.076316059 87.841255188
0.066660523 0.023079339 0.997508824 5.448707581 0.023253571 0.999424994 -0.024677645 -1.208750844 -0.997504771 0.024840668 0.066085517 87.865959167
0.058658421 0.023405492 0.998003721 5.975250244 0.025515649 0.999363363 -0.024937084 -1.226199627 -0.997952044 0.026927486 0.058023870 87.894416809
0.052920878 0.023881543 0.998313248 6.528533936 0.026646789 0.999324262 -0.025318287 -1.244143486 -0.998243272 0.027941706 0.052248716 87.920867920
0.047656298 0.024750357 0.998557091 7.093605042 0.028151153 0.999262571 -0.026111363 -1.258995891 -0.998467028 0.029354904 0.046924412 87.939895630
0.041829944 0.025410611 0.998801649 7.673179626 0.028670087 0.999234319 -0.026622333 -1.274892569 -0.998713374 0.029749341 0.041069388 87.960861206
0.037502587 0.025416827 0.998973370 8.269798279 0.031011032 0.999165416 -0.026585910 -1.293396711 -0.998815358 0.031976234 0.036683083 87.974899292
0.034483314 0.025579421 0.999078035 8.896232605 0.032368347 0.999119401 -0.026697686 -1.311512113 -0.998881102 0.033259127 0.033625007 87.995323181
0.031433761 0.025070101 0.999191403 9.534858704 0.033289086 0.999104500 -0.026115172 -1.331045270 -0.998951375 0.034083065 0.030571043 88.014785767
0.029119253 0.024312543 0.999280274 10.188804626 0.035646290 0.999042988 -0.025345515 -1.353649735 -0.998940170 0.036358677 0.028224707 88.027351379
0.028473318 0.024015350 0.999306083 10.863174438 0.040190779 0.998875439 -0.025150163 -1.373493195 -0.998786271 0.040878996 0.027476072 88.039550781
0.029428720 0.023539303 0.999289811 11.546081543 0.043867379 0.998729050 -0.024817985 -1.395673156 -0.998603940 0.044566587 0.028358757 88.055969238
0.031889141 0.023674607 0.999210954 12.258834839 0.045308910 0.998657465 -0.025107497 -1.413353443 -0.998463869 0.046073817 0.030773699 88.077346802
0.035670280 0.023745630 0.999081552 12.982177734 0.047980782 0.998524070 -0.025445450 -1.433640003 -0.998211205 0.048844360 0.034478307 88.103881836
0.040241897 0.023130761 0.998922288 13.722068787 0.048498027 0.998508453 -0.025074942 -1.455924988 -0.998012364 0.049454819 0.039060056 88.132759094
0.044158876 0.021345764 0.998796463 14.480728149 0.049865924 0.998478413 -0.023543645 -1.479629874 -0.997779191 0.050845567 0.043027282 88.170989990
0.047977149 0.019735107 0.998653471 15.251136780 0.049553081 0.998526692 -0.022113223 -1.503676653 -0.997618496 0.050547283 0.046928525 88.208068848
0.052134633 0.017526152 0.998486340 16.032081604 0.046566524 0.998715699 -0.019961590 -1.527666092 -0.997553885 0.047536723 0.051251531 88.257492065
0.056203663 0.016395580 0.998284698 16.832763672 0.045970861 0.998762250 -0.018991593 -1.546647310 -0.997360468 0.046959404 0.055380404 88.309371948
0.060025632 0.017759785 0.998038828 17.626647949 0.042776495 0.998877466 -0.020347441 -1.567751646 -0.997279882 0.043913972 0.059198558 88.365997314
0.062748909 0.021817621 0.997790873 18.428165436 0.040725697 0.998872340 -0.024402417 -1.596305013 -0.997198045 0.042166948 0.061789572 88.429672241
0.064028680 0.027187651 0.997577667 19.234493256 0.034905598 0.998956144 -0.029465608 -1.622155666 -0.997337461 0.036707688 0.063012838 88.498474121
0.063979626 0.030089257 0.997497618 20.041023254 0.031642828 0.998981595 -0.032163605 -1.657776594 -0.997449517 0.033621460 0.062962413 88.549072266
0.064051270 0.029890774 0.997498870 20.849426270 0.029311763 0.999063730 -0.031819828 -1.685127020 -0.997516036 0.031276550 0.063115120 88.607597351
0.064187050 0.028214222 0.997538984 21.663131714 0.026645886 0.999195397 -0.029975615 -1.718562126 -0.997582078 0.028504357 0.063383639 88.665245056
0.063994110 0.026616545 0.997595310 22.494346619 0.027337616 0.999222338 -0.028413622 -1.757148385 -0.997575819 0.029090181 0.063216686 88.727645874
0.064235389 0.025616901 0.997605979 23.308353424 0.025175923 0.999310732 -0.027281744 -1.796037078 -0.997617245 0.026868105 0.063546181 88.789039612
0.064133227 0.026266402 0.997595668 24.128074646 0.023664849 0.999332428 -0.027833493 -1.821442127 -0.997660756 0.025393002 0.063468814 88.856384277
0.064249754 0.026466506 0.997582912 24.938587189 0.020347347 0.999405682 -0.027825350 -1.863948107 -0.997726500 0.022085940 0.063673079 88.915924072
0.063235581 0.028059226 0.997604072 25.739696503 0.017326538 0.999423146 -0.029208675 -1.894677639 -0.997848213 0.019132053 0.062712967 88.965728760
0.060275793 0.027835710 0.997793615 26.554439545 0.013967788 0.999489725 -0.028726809 -1.925867558 -0.998084068 0.015668498 0.059856236 89.024932861
0.056705415 0.026605500 0.998036385 27.369907379 0.011925811 0.999555528 -0.027323583 -1.958970547 -0.998319745 0.013451789 0.056362927 89.075492859
0.051419556 0.024017608 0.998388350 28.184925079 0.009657283 0.999652088 -0.024545386 -1.992469072 -0.998630464 0.010903833 0.051169753 89.131118774
0.045855403 0.022151342 0.998702466 28.997993469 0.007931458 0.999714553 -0.022537962 -2.019802332 -0.998916626 0.008954654 0.045666635 89.156250000
0.038325250 0.022389362 0.999014437 29.802486420 0.007688614 0.999712765 -0.022699971 -2.049421310 -0.999235749 0.008551017 0.038142085 89.189788818
0.029448569 0.023408994 0.999292195 30.604541779 0.007177046 0.999695003 -0.023629935 -2.079672098 -0.999540567 0.007867835 0.029271603 89.216491699
0.019522607 0.023779448 0.999526680 31.411251068 0.007833396 0.999682784 -0.023936164 -2.107459307 -0.999778807 0.008296984 0.019330144 89.230850220
0.009295523 0.022766093 0.999697626 32.196846008 0.008710971 0.999701023 -0.022847168 -2.140378475 -0.999918818 0.008920714 0.009094417 89.234954834
-0.001729369 0.021981286 0.999756992 32.993144989 0.007393140 0.999731362 -0.021967936 -2.168069601 -0.999971271 0.007353353 -0.001891494 89.237831116
-0.012668729 0.020853585 0.999702394 33.783138275 0.009218048 0.999742448 -0.020737609 -2.198587418 -0.999877393 0.008952587 -0.012857676 89.224403381
-0.023815632 0.021393726 0.999487400 34.565010071 0.009187540 0.999733448 -0.021180073 -2.222933054 -0.999674141 0.008678414 -0.024005890 89.208892822
-0.035054207 0.022031061 0.999142647 35.338893890 0.009279843 0.999721050 -0.021718241 -2.250564098 -0.999342442 0.008510572 -0.035248876 89.183609009
-0.045219302 0.022989081 0.998712718 36.115108490 0.008879518 0.999704957 -0.022609882 -2.280553818 -0.998937786 0.007845687 -0.045410156 89.139472961
-0.055803657 0.024098555 0.998150945 36.878479004 0.009298829 0.999677896 -0.023615550 -2.305633068 -0.998398542 0.007963803 -0.056009769 89.097778320
-0.065200925 0.024724381 0.997565806 37.633964539 0.010997434 0.999650121 -0.024057249 -2.339082718 -0.997811556 0.009402111 -0.065449953 89.045745850
-0.074955940 0.025356716 0.996864438 38.418666840 0.011058388 0.999636292 -0.024595724 -2.363435984 -0.997125566 0.009180121 -0.075209022 88.990905762
-0.084462166 0.025890861 0.996090233 39.162456512 0.011840988 0.999617875 -0.024978511 -2.391153574 -0.996356308 0.009684954 -0.084736466 88.930236816
-0.092879772 0.025284121 0.995356262 39.894065857 0.012943523 0.999623716 -0.024184722 -2.418584108 -0.995593250 0.010637145 -0.093172073 88.856430054
-0.100469589 0.024137665 0.994647324 40.626689911 0.014910283 0.999629915 -0.022752490 -2.449343920 -0.994828463 0.012544541 -0.100792289 88.784301758
-0.105269909 0.022366915 0.994192183 41.360244751 0.017722882 0.999630451 -0.020612681 -2.479005814 -0.994285762 0.015450058 -0.105627418 88.692024231
-0.108762622 0.020652972 0.993853211 42.066486359 0.020986345 0.999609053 -0.018475937 -2.504917860 -0.993846238 0.018847853 -0.109153509 88.604446411
-0.111583352 0.019710120 0.993559599 42.765834808 0.022537071 0.999596357 -0.017298812 -2.527988911 -0.993499517 0.020461664 -0.111982465 88.525146484
-0.113437772 0.018799325 0.993367255 43.448211670 0.022810319 0.999606729 -0.016312577 -2.550798893 -0.993283272 0.020808563 -0.113821983 88.449943542
-0.114353657 0.019197855 0.993254721 44.106864929 0.023127131 0.999593735 -0.016657751 -2.576535463 -0.993170977 0.021066258 -0.114751101 88.381179810
-0.113274336 0.020265030 0.993357122 44.778095245 0.023951354 0.999557137 -0.017660299 -2.596002340 -0.993275046 0.021791790 -0.113709569 88.299552917
-0.110050321 0.022287671 0.993676186 45.412731171 0.025711764 0.999477804 -0.019570209 -2.609842777 -0.993593514 0.023395460 -0.110565901 88.227920532
-0.105197430 0.022418883 0.994198740 46.009769440 0.025186278 0.999485195 -0.019873107 -2.640659571 -0.994132459 0.022949565 -0.105707884 88.175857544
-0.097094297 0.022964505 0.995010257 46.606727600 0.024459029 0.999486864 -0.020681081 -2.666491032 -0.994974613 0.022328967 -0.097606182 88.120101929
-0.085939646 0.023159256 0.996031165 47.213294983 0.023203248 0.999505162 -0.021238009 -2.684306145 -0.996030152 0.021285970 -0.086434484 88.075592041
-0.072260022 0.023367682 0.997112095 47.768535614 0.022387145 0.999511659 -0.021801537 -2.709160089 -0.997134626 0.020747114 -0.072747946 88.046783447
-0.055356383 0.024450986 0.998167336 48.305290222 0.021454906 0.999498427 -0.023293748 -2.735958815 -0.998236239 0.020126130 -0.055853248 88.034332275
-0.033804417 0.026864102 0.999067366 48.831466675 0.019212069 0.999471426 -0.026224907 -2.761860847 -0.999243796 0.018307634 -0.034302711 88.027854919
-0.009144902 0.029932944 0.999510169 49.346233368 0.017420469 0.999404967 -0.029770412 -2.785354137 -0.999806523 0.017139692 -0.009660840 88.038314819
0.018956482 0.031733148 0.999316573 49.885612488 0.015442011 0.999367714 -0.032027695 -2.805353165 -0.999701023 0.016038591 0.018454492 88.068550110
0.051775813 0.031259213 0.998169482 50.388847351 0.012778292 0.999407411 -0.031960808 -2.825485945 -0.998577118 0.014409703 0.051345706 88.120536804
0.090579450 0.028719632 0.995475113 50.877536774 0.011743909 0.999483764 -0.029903879 -2.851336002 -0.995820045 0.014399447 0.090195417 88.173721313
0.132580101 0.025671162 0.990839839 51.374641418 0.009948008 0.999579728 -0.027228702 -2.862199545 -0.991122365 0.013466869 0.132269025 88.269134521
0.178427219 0.020949686 0.983730137 51.885910034 0.007095796 0.999719918 -0.022577234 -2.887578487 -0.983927608 0.011008741 0.178228557 88.377449036
0.226685464 0.017555175 0.973809719 52.368194580 0.002592973 0.999823153 -0.018627724 -2.911135674 -0.973964512 0.006747697 0.226599872 88.523056030
0.278372228 0.015953559 0.960340798 52.833091736 -0.001376648 0.999867618 -0.016211150 -2.930048943 -0.960472286 0.003190683 0.278357327 88.691726685
0.333468795 0.015920829 0.942626715 53.288112640 -0.001843210 0.999866486 -0.016235538 -2.939905643 -0.942759335 0.003676586 0.333453655 88.883842468
0.391917408 0.016376721 0.919854641 53.715667725 0.000556240 0.999837160 -0.018037690 -2.952161312 -0.920000255 0.007580944 0.391844451 89.084289551
0.448431611 0.019995959 0.893593431 54.106784821 0.000878852 0.999739408 -0.022812223 -2.972536325 -0.893816710 0.011015058 0.448297143 89.355720520
0.508983016 0.023378968 0.860459030 54.507553101 0.002284066 0.999590874 -0.028510313 -2.985691071 -0.860773563 0.016476613 0.508721411 89.618507385
0.567962646 0.027566472 0.822592616 54.881771088 -0.001648360 0.999475062 -0.032355990 -2.998207569 -0.823052704 0.017021066 0.567709923 89.911666870
0.623844385 0.030273970 0.780962050 55.218994141 -0.005616467 0.999397337 -0.034255087 -3.015531540 -0.781528413 0.016983598 0.623638451 90.232055664
0.676414311 0.034013763 0.735735536 55.546401978 -0.009385119 0.999249995 -0.037567884 -3.012291431 -0.736461580 0.018506490 0.676226258 90.585006714
0.722918153 0.028782211 0.690334022 55.778465271 -0.007589447 0.999402463 -0.033720586 -3.055367470 -0.690892100 0.019137971 0.722704589 90.934364319
0.769064128 0.026113398 0.638638020 56.053684235 -0.010293375 0.999541521 -0.028474914 -3.067016125 -0.639088809 0.015325294 0.768980265 91.315773010
0.810986519 0.021465885 0.584670901 56.302623749 -0.011015092 0.999709785 -0.021424985 -3.075977564 -0.584961116 0.010935171 0.810987651 91.713233948
0.847403526 0.021003375 0.530533910 56.527709961 -0.014562756 0.999760807 -0.016319072 -3.070680618 -0.530749738 0.006102806 0.847506642 92.150192261
0.880501747 0.018520530 0.473681062 56.759983063 -0.015514401 0.999827087 -0.010253463 -3.062702894 -0.473789036 0.001679315 0.880636811 92.577545166
0.904336929 0.015518805 0.426537097 56.865108490 -0.016481984 0.999863148 -0.001433439 -3.110013247 -0.426500976 -0.005733865 0.904468954 92.988105774
0.924667239 0.017910924 0.380354643 57.008369446 -0.020085914 0.999796748 0.001749693 -3.114158630 -0.380245984 -0.009257654 0.924839079 93.435302734
0.940236926 0.023503089 0.339708894 57.136001587 -0.026720356 0.999631464 0.004795394 -3.120042086 -0.339470983 -0.013585949 0.940518379 93.895126343
0.951950788 0.028030133 0.304965526 57.241584778 -0.030600537 0.999525011 0.003650855 -3.119989395 -0.304718345 -0.012807542 0.952356398 94.340942383
0.961239100 0.031048162 0.273962438 57.351688385 -0.033326279 0.999437809 0.003664061 -3.118166208 -0.273694634 -0.012652187 0.961733401 94.805328369
0.967160344 0.025408996 0.252893806 57.454795837 -0.027246639 0.999621630 0.003766350 -3.119070768 -0.252702415 -0.010533170 0.967486739 95.275108337
0.971309364 0.021761730 0.236821786 57.566745758 -0.023603251 0.999709189 0.004943200 -3.131322384 -0.236645341 -0.010391139 0.971540511 95.768447876
0.973717570 0.026175939 0.226249561 57.637920380 -0.028109411 0.999590635 0.005327771 -3.138609648 -0.226017475 -0.011547486 0.974054813 96.262092590
0.975984037 0.030078953 0.215755552 57.746623993 -0.032063920 0.999469519 0.005704949 -3.131875038 -0.215469509 -0.012485907 0.976430774 96.760223389
0.977103353 0.037641790 0.209408954 57.842216492 -0.039405249 0.999214232 0.004253819 -3.130847454 -0.209084302 -0.012408232 0.977818906 97.273376465
0.977574050 0.043713178 0.206005305 57.943782806 -0.044772141 0.998997092 0.000479333 -3.129451513 -0.205777749 -0.009691883 0.978550732 97.791244507
0.977498293 0.045013528 0.206084743 58.035717010 -0.045691859 0.998954475 -0.001469066 -3.142380238 -0.205935404 -0.007980386 0.978533030 98.321533203
0.976903677 0.043403737 0.209225491 58.140758514 -0.043207556 0.999050915 -0.005510434 -3.146356106 -0.209266096 -0.003656958 0.977851927 98.865829468
0.976307511 0.041634168 0.212344497 58.278236389 -0.040025003 0.999128163 -0.011872953 -3.151912451 -0.212653682 0.003092565 0.977122724 99.404708862
0.975352287 0.042137727 0.216592565 58.400836945 -0.039458435 0.999081969 -0.016681856 -3.155183792 -0.217096657 0.007724284 0.976119578 99.963714600
0.974068403 0.047087006 0.221299812 58.520629883 -0.044612478 0.998873472 -0.016169725 -3.166885853 -0.221811906 0.005877684 0.975071788 100.549255371
0.972677648 0.050435472 0.226615191 58.649940491 -0.048973873 0.998727143 -0.012071050 -3.182545185 -0.226935551 0.000643018 0.973909557 101.125686646
0.971699476 0.047086362 0.231479988 58.795440674 -0.046600707 0.998884916 -0.007568570 -3.191631079 -0.231578246 -0.003432755 0.972810209 101.735778809
0.970999420 0.042857599 0.235209107 58.949260712 -0.043605134 0.999046803 -0.002024516 -3.200960636 -0.235071674 -0.008290521 0.971942663 102.349403381
0.970201075 0.040412273 0.238907292 59.104946136 -0.042288601 0.999101698 0.002731075 -3.208173990 -0.238582313 -0.012752744 0.971038520 102.974281311
0.969650805 0.035448123 0.241910711 59.268310547 -0.037339922 0.999297380 0.003238658 -3.212616444 -0.241625935 -0.012173292 0.970293105 103.604972839
0.969708920 0.031770404 0.242188409 59.431781769 -0.032727636 0.999464333 -0.000070623 -3.217398405 -0.242060915 -0.007857770 0.970229208 104.252998352
0.969794571 0.031860735 0.241833508 59.597290039 -0.031134054 0.999491930 -0.006826645 -3.226644993 -0.241928130 -0.000908814 0.970293760 104.898223877
0.969896555 0.034110505 0.241116419 59.754276276 -0.031812128 0.999403775 -0.013419634 -3.234612703 -0.241430417 0.005345230 0.970403433 105.558723450
0.970480919 0.036871612 0.238342792 59.912242889 -0.033747114 0.999282777 -0.017177932 -3.242551804 -0.238805234 0.008627472 0.971029162 106.235328674
0.971100152 0.035364728 0.236037806 60.069103241 -0.033305671 0.999364436 -0.012706064 -3.253083467 -0.236337125 0.004477465 0.971660793 106.925605774
0.971601427 0.031190809 0.234558716 60.251888275 -0.030869292 0.999510705 -0.005043083 -3.265971661 -0.234601244 -0.002340795 0.972088873 107.617477417
0.972210169 0.031920057 0.231923506 60.421131134 -0.032937460 0.999457300 0.000514825 -3.272548914 -0.231781214 -0.008139489 0.972733915 108.338821411
0.972463727 0.035156894 0.230387345 60.580368042 -0.036145702 0.999346554 0.000071462 -3.286895752 -0.230234280 -0.008397006 0.973098993 109.063034058
0.972750664 0.040957015 0.228207454 60.739376068 -0.040964361 0.999149501 -0.004706551 -3.290491581 -0.228206128 -0.004770071 0.973601162 109.792251587
0.973613620 0.041542422 0.224389642 60.901271820 -0.040338743 0.999136567 -0.009947877 -3.301002502 -0.224609151 0.000633793 0.974448740 110.544441223
0.974583864 0.040024005 0.220418692 61.070686340 -0.038137387 0.999190390 -0.012809790 -3.310479641 -0.220752940 0.004078021 0.975321233 111.300300598
0.975482047 0.037885930 0.216793656 61.236782074 -0.036270108 0.999276698 -0.011428789 -3.319594383 -0.217069834 0.003285449 0.976150572 112.076530457
0.976341844 0.034411434 0.213477120 61.401950836 -0.033245254 0.999406219 -0.009051407 -3.340133190 -0.213661835 0.001740166 0.976906121 112.855865479
0.976838470 0.032913953 0.211431593 61.578208923 -0.032315746 0.999457955 -0.006285007 -3.352036476 -0.211523846 -0.000693133 0.977372587 113.646278381
0.977209866 0.029765829 0.210178256 61.748634338 -0.029588576 0.999554217 -0.003988575 -3.359260559 -0.210203290 -0.002321200 0.977654934 114.444198608
0.977376580 0.025300525 0.209987953 61.919784546 -0.025270188 0.999676645 -0.002828047 -3.371763945 -0.209991604 -0.002542368 0.977699876 115.239021301
0.977549314 0.025645742 0.209140182 62.094104767 -0.025942300 0.999662578 -0.001325475 -3.378740549 -0.209103599 -0.004129860 0.977884769 116.050788879
0.977326572 0.030484376 0.209531456 62.263973236 -0.030501837 0.999529779 -0.003148851 -3.387748003 -0.209528908 -0.003313638 0.977796853 116.876319885
0.977032006 0.036452711 0.209951654 62.430438995 -0.035877347 0.999334753 -0.006549816 -3.397710800 -0.210050747 -0.001133129 0.977689803 117.690994263
0.976457000 0.045120053 0.210940421 62.596138000 -0.044366773 0.998980820 -0.008304797 -3.403014183 -0.211100146 -0.001249467 0.977463663 118.519515991
0.975577891 0.050646801 0.213735208 62.764423370 -0.050186772 0.998711050 -0.007581419 -3.420469999 -0.213843688 -0.003330414 0.976862192 119.361434937
0.974766374 0.053068597 0.216827810 62.932853699 -0.053103056 0.998572946 -0.005671750 -3.435849905 -0.216819376 -0.005985588 0.976193368 120.192367554
0.974212170 0.053342853 0.219237670 63.116912842 -0.053228039 0.998561680 -0.006434677 -3.452895403 -0.219265565 -0.005400850 0.975650251 121.024856567
0.973847508 0.051802479 0.221218362 63.298698425 -0.050953075 0.998655379 -0.009548478 -3.459652424 -0.221415550 -0.001972995 0.975177526 121.858245850
0.973869443 0.045963384 0.222408757 63.497386932 -0.045361966 0.998940051 -0.007814584 -3.480407715 -0.222532213 -0.002478514 0.974922180 122.697257996
0.974088013 0.039575603 0.222679883 63.694435120 -0.038465787 0.999216437 -0.009320695 -3.501572371 -0.222874269 0.000513620 0.974847078 123.532279968
0.973870456 0.038451396 0.223825336 63.887168884 -0.037304606 0.999260187 -0.009351466 -3.521864891 -0.224019319 0.000757401 0.974584401 124.370887756
0.973310113 0.040691473 0.225857586 64.073471069 -0.040235035 0.999168277 -0.006625681 -3.534744740 -0.225939333 -0.002638546 0.974137783 125.214805603
0.972926974 0.042610046 0.227150887 64.261589050 -0.043567896 0.999050140 -0.000797676 -3.548743486 -0.226969123 -0.009120404 0.973859251 126.056449890
0.972512186 0.046276715 0.228207201 64.446243286 -0.048363231 0.998823464 0.003556259 -3.568624735 -0.227774143 -0.014495343 0.973606110 126.904373169
0.972320497 0.045589436 0.229160383 64.634742737 -0.046121050 0.998931229 -0.003038355 -3.581926346 -0.229053974 -0.007614861 0.973383963 127.717765808
0.972603202 0.041572411 0.228724211 64.830291748 -0.038598310 0.999102175 -0.017463144 -3.599012852 -0.229244858 0.008156342 0.973334610 128.527572632
