1.000000000 0.000000000 0.000000000 0.000000000 0.000000000 1.000000000 0.000000000 0.000000000 0.000000000 0.000000000 1.000000000 0.000000000
0.999998271 0.000975266 0.001571463 -0.008052752 -0.000968160 0.999989331 -0.004516338 -0.002397399 -0.001575851 0.004514809 0.999988556 0.961399436
0.999997020 -0.000905427 0.002255590 -0.004767020 0.000917820 0.999984443 -0.005499397 0.002475802 -0.002250575 0.005501451 0.999982357 1.920466423
0.999993265 -0.002395010 0.002779548 -0.008966032 0.002398971 0.999996126 -0.001422686 -0.000753918 -0.002776130 0.001429344 0.999995112 2.856302261
0.999985933 -0.004834320 0.002177899 -0.007828046 0.004823937 0.999977112 0.004747876 -0.004802581 -0.002200802 -0.004737304 0.999986351 3.807334185
0.999964058 -0.008458453 0.000559052 -0.003089327 0.008455696 0.999952912 0.004763970 -0.001826332 -0.000599321 -0.004759072 0.999988496 4.747606754
0.999939501 -0.010999426 -0.000191383 -0.002903347 0.010999758 0.999937832 0.001827769 0.002017546 0.000171267 -0.001829764 0.999998331 5.682091713
0.999931514 -0.011649271 -0.001103511 -0.007784064 0.011647169 0.999930382 -0.001891233 0.009770120 0.001125466 0.001878251 0.999997616 6.609887123
0.999936163 -0.011197703 -0.001526612 -0.016922794 0.011194435 0.999935091 -0.002132362 0.004658479 0.001550390 0.002115136 0.999996543 7.541344643
0.999934256 -0.011104831 -0.002865013 -0.022041814 0.011103667 0.999938250 -0.000421948 0.006446398 0.002869521 0.000390108 0.999995828 8.459077835
0.999938667 -0.010669523 -0.002974371 -0.036414728 0.010676701 0.999940097 0.002407839 0.007761827 0.002948502 -0.002439448 0.999992669 9.391627312
0.999932706 -0.010935781 -0.003874394 -0.046278059 0.010951272 0.999932051 0.004000088 0.010269855 0.003830386 -0.004042248 0.999984503 10.311276436
0.999917209 -0.011943061 -0.004784782 -0.049125172 0.011966498 0.999916375 0.004899938 0.011632225 0.004725861 -0.004956789 0.999976575 11.231292725
0.999904096 -0.012584680 -0.005782021 -0.047647189 0.012613868 0.999907732 0.005039714 0.012728181 0.005718064 -0.005112165 0.999970555 12.152768135
0.999893486 -0.013227104 -0.006166516 -0.063669585 0.013249971 0.999905407 0.003682194 0.016683722 0.006117228 -0.003763508 0.999974191 13.056259155
0.999882460 -0.013445690 -0.007366643 -0.079044648 0.013456976 0.999908328 0.001484585 0.024016149 0.007346007 -0.001583543 0.999971747 13.975386620
0.999846339 -0.014756504 -0.009465058 -0.081934035 0.014754888 0.999891102 -0.000240502 0.033457402 0.009467577 0.000100809 0.999955177 14.886784554
0.999837399 -0.014284310 -0.011007438 -0.095082894 0.014278628 0.999897897 -0.000594621 0.027195401 0.011014808 0.000437353 0.999939263 15.781176567
0.999839485 -0.012961688 -0.012368659 -0.119260788 0.012942123 0.999914885 -0.001660539 0.030386193 0.012389130 0.001500196 0.999922097 16.681350708
0.999834657 -0.011446792 -0.014128949 -0.135752752 0.011428935 0.999933779 -0.001343865 0.024911013 0.014143396 0.001182164 0.999899268 17.579702377
0.999817789 -0.012229650 -0.014654914 -0.168129697 0.012223277 0.999925137 -0.000524356 0.024698995 0.014660230 0.000345129 0.999892473 18.487154007
0.999794662 -0.011886962 -0.016411781 -0.185637325 0.011896238 0.999929130 0.000467696 0.033652510 0.016405059 -0.000662839 0.999865234 19.383817673
0.999771833 -0.011457865 -0.018028462 -0.201501757 0.011484904 0.999933064 0.001396978 0.023934981 0.018011250 -0.001603714 0.999836504 20.251697540
0.999723136 -0.012526098 -0.019918745 -0.219187498 0.012554443 0.999920368 0.001298610 0.024780154 0.019900892 -0.001548319 0.999800742 21.129335403
0.999692142 -0.012642247 -0.021348078 -0.247128710 0.012662753 0.999919474 0.000825681 0.025535580 0.021335920 -0.001095752 0.999771774 22.003053665
0.999664664 -0.012436632 -0.022712646 -0.266237617 0.012469320 0.999921441 0.001298094 0.025414271 0.022694718 -0.001580870 0.999741197 22.873365402
0.999641001 -0.012575731 -0.023659641 -0.283783406 0.012647154 0.999915898 0.002871530 0.031984482 0.023621539 -0.003169726 0.999715924 23.726621628
0.999601364 -0.013650113 -0.024713444 -0.303855985 0.013801981 0.999886811 0.005985060 0.032226194 0.024628948 -0.006323768 0.999676645 24.575012207
0.999570608 -0.014173750 -0.025645338 -0.323937178 0.014363959 0.999870539 0.007247977 0.038729474 0.025539288 -0.007613234 0.999644816 25.410865784
0.999582410 -0.012792729 -0.025911154 -0.352418274 0.012954555 0.999897540 0.006087228 0.039045528 0.025830626 -0.006420353 0.999645710 26.247379303
0.999585807 -0.011154201 -0.026529748 -0.382673860 0.011245046 0.999931395 0.003277547 0.044318009 0.026491370 -0.003574517 0.999642670 27.057199478
0.999569893 -0.010618405 -0.027336143 -0.410238564 0.010676843 0.999940991 0.001992673 0.045605633 0.027313372 -0.002283680 0.999624312 27.852861404
0.999553025 -0.009795958 -0.028246198 -0.435518503 0.009832485 0.999951005 0.001154534 0.051046029 0.028233504 -0.001431749 0.999600351 28.649183273
0.999515712 -0.009577008 -0.029607449 -0.461892515 0.009604770 0.999953568 0.000795565 0.050648604 0.029598456 -0.001079553 0.999561310 29.433227539
0.999451756 -0.009642262 -0.031673901 -0.491694808 0.009650442 0.999953449 0.000105368 0.047664907 0.031671409 -0.000410977 0.999498248 30.208034515
0.999391317 -0.009829156 -0.033472378 -0.520676017 0.009831852 0.999951661 -0.000084062 0.048278488 0.033471584 -0.000245085 0.999439657 30.982032776
0.999325514 -0.009794681 -0.035391118 -0.554456532 0.009839999 0.999950945 0.001106496 0.049373657 0.035378546 -0.001453998 0.999372900 31.726345062
0.999230146 -0.010141883 -0.037897989 -0.577850223 0.010278277 0.999941349 0.003405874 0.051761962 0.037861224 -0.003792778 0.999275804 32.486099243
0.999186695 -0.009046797 -0.039295133 -0.617098391 0.009235190 0.999946713 0.004615451 0.055403508 0.039251283 -0.004974595 0.999216974 33.232902527
0.999127150 -0.007495536 -0.041094504 -0.655134380 0.007693329 0.999959588 0.004657101 0.060010284 0.041057937 -0.004969189 0.999144435 33.959648132
0.999057412 -0.004990133 -0.043120820 -0.691983879 0.005167838 0.999978602 0.004010625 0.057523213 0.043099884 -0.004229686 0.999061823 34.672183990
0.998978078 -0.004027422 -0.045018043 -0.722988546 0.004172533 0.999986410 0.003129889 0.065017059 0.045004826 -0.003314530 0.998981297 35.387962341
0.998910844 -0.003717255 -0.046511285 -0.763409078 0.003923759 0.999982834 0.004349353 0.066837229 0.046494320 -0.004527115 0.998908281 36.082992554
0.998866320 -0.002374838 -0.047543924 -0.802699506 0.002678218 0.999976456 0.006318354 0.067643955 0.047527801 -0.006438524 0.998849154 36.776020050
0.998858690 0.000444069 -0.047760986 -0.835523963 -0.000118061 0.999976695 0.006828428 0.070990145 0.047762904 -0.006814996 0.998835444 37.464801788
0.998897672 0.003947804 -0.046774127 -0.873633146 -0.003723567 0.999981165 0.004880197 0.070602685 0.046792511 -0.004700651 0.998893559 38.122890472
0.998985291 0.005616299 -0.044686697 -0.911621690 -0.005531080 0.999982655 0.002030454 0.069532126 0.044697326 -0.001781228 0.998999000 38.772735596
0.999070048 0.005980641 -0.042699125 -0.941794336 -0.006003046 0.999981880 -0.000396514 0.082582109 0.042695981 0.000652470 0.999087870 39.425971985
0.999182940 0.007368837 -0.039738037 -0.967706203 -0.007350898 0.999972820 0.000597538 0.078943565 0.039741360 -0.000304940 0.999209940 40.080913544
0.999252021 0.012343736 -0.036647655 -1.000765085 -0.012230547 0.999919713 0.003311186 0.080127522 0.036685582 -0.002860489 0.999322772 40.708839417
0.999343038 0.016342031 -0.032349423 -1.034436822 -0.016120659 0.999844909 0.007092147 0.076677158 0.032460306 -0.006565994 0.999451458 41.322853088
0.999371946 0.021777507 -0.027955398 -1.062047482 -0.021564197 0.999736190 0.007909383 0.082310036 0.028120270 -0.007301579 0.999577880 41.929241180
0.999428093 0.024705186 -0.023090899 -1.072182655 -0.024525262 0.999666870 0.008042996 0.088376038 0.023281910 -0.007472085 0.999701023 42.520172119
0.999430716 0.028794732 -0.017583104 -1.079023242 -0.028623743 0.999541223 0.009900043 0.094321102 0.017860105 -0.009391112 0.999796391 43.132411957
0.999368787 0.033747360 -0.011097449 -1.090252876 -0.033626702 0.999375165 0.010885151 0.100993201 0.011457860 -0.010505109 0.999879181 43.680133820
0.999317408 0.036739007 -0.003873429 -1.098394513 -0.036695845 0.999269426 0.010679961 0.100179851 0.004262971 -0.010530532 0.999935448 44.211711884
0.999191999 0.040074017 0.003063638 -1.095670819 -0.040104467 0.999139011 0.010625142 0.102736756 -0.002635209 -0.010739422 0.999938846 44.734237671
0.998977423 0.043967620 0.010536352 -1.093980074 -0.044073723 0.998977661 0.010058940 0.108158946 -0.010083313 -0.010513030 0.999893904 45.220779419
0.998648524 0.048601642 0.018411223 -1.098543286 -0.048750337 0.998781204 0.007715122 0.106598519 -0.018013814 -0.008602249 0.999800742 45.701927185
0.998353243 0.050883330 0.026490077 -1.092044234 -0.051019397 0.998687565 0.004485671 0.110411964 -0.026227066 -0.005829792 0.999639034 46.142105103
0.998092711 0.051296435 0.034346048 -1.075599432 -0.051474128 0.998665035 0.004308919 0.112717234 -0.034079164 -0.006068633 0.999400735 46.572250366
0.997872353 0.050158277 0.041652493 -1.040382624 -0.050437707 0.998711050 0.005684301 0.112854168 -0.041313689 -0.007773063 0.999116004 46.973308563
0.997382641 0.052210443 0.050019421 -1.027742147 -0.052596908 0.998595059 0.006440537 0.110984586 -0.049612883 -0.009054546 0.998727500 47.365097046
0.996756017 0.055075482 0.058686692 -1.004975438 -0.055549018 0.998435020 0.006467035 0.114604719 -0.058238674 -0.009706044 0.998255491 47.719470978
0.995947957 0.059743632 0.067219056 -0.981009483 -0.060278878 0.998163760 0.005961019 0.113070861 -0.066739500 -0.009988754 0.997720420 48.040611267
0.995073438 0.063527577 0.076112792 -0.957222521 -0.064160340 0.997922182 0.005894733 0.114440650 -0.075580165 -0.010749115 0.997081816 48.348720551
0.994338453 0.062880889 0.085656442 -0.930995107 -0.063683815 0.997947812 0.006671093 0.111682802 -0.085061178 -0.012088253 0.996302426 48.627067566
0.993449330 0.061608426 0.096243761 -0.892179608 -0.062349267 0.998043299 0.004706400 0.112638921 -0.095765486 -0.010676297 0.995346665 48.902549744
0.992323756 0.060227565 0.108010203 -0.859261692 -0.060632177 0.998160064 0.000462892 0.105385244 -0.107783593 -0.007008232 0.994149685 49.160655975
0.990733743 0.061216176 0.121240593 -0.816982746 -0.061214902 0.998117626 -0.003738644 0.108019382 -0.121241242 -0.003717731 0.992616117 49.429008484
0.988622963 0.062797733 0.136678845 -0.773232818 -0.062577702 0.998022616 -0.005910216 0.104642525 -0.136779726 -0.002710072 0.990597785 49.683898926
0.986136675 0.064673707 0.152812988 -0.726423562 -0.064343490 0.997902453 -0.007110524 0.100084618 -0.152952313 -0.002820570 0.988229573 49.937793732
0.983294666 0.065190703 0.169946477 -0.676136076 -0.064705282 0.997869074 -0.008399257 0.101194978 -0.170131892 -0.002737490 0.985417485 50.192646027
0.980076015 0.064414620 0.187887773 -0.614713311 -0.063756578 0.997919798 -0.009550008 0.097116441 -0.188112080 -0.002619347 0.982144058 50.441226959
0.976181388 0.063531920 0.207445368 -0.549238145 -0.062836088 0.997974277 -0.009948674 0.095675498 -0.207657188 -0.003323345 0.978196025 50.694126129
0.971716940 0.063566193 0.227432579 -0.476331949 -0.062712818 0.997971177 -0.010984009 0.089408636 -0.227669358 -0.003589590 0.973731875 50.929367065
0.966381669 0.066039711 0.248485863 -0.399224281 -0.064730398 0.997812212 -0.013445286 0.090918809 -0.248830155 -0.003091309 0.968542218 51.170131683
0.960175753 0.067031756 0.271236539 -0.311901867 -0.065299198 0.997746587 -0.015418277 0.083651781 -0.271658868 -0.002907270 0.962389231 51.411918640
0.952945173 0.068332367 0.295340717 -0.219624519 -0.066395417 0.997655392 -0.016594255 0.078762710 -0.295782179 -0.003795856 0.955247879 51.647457123
0.944408536 0.071098380 0.320994705 -0.119530380 -0.069153205 0.997453034 -0.017472018 0.072401464 -0.321419358 -0.005697086 0.946919799 51.886699677
0.934591413 0.073201142 0.348109812 -0.008671761 -0.071201026 0.997289419 -0.018554084 0.064036965 -0.348524392 -0.007445286 0.937270164 52.125530243
0.923415542 0.073790066 0.376641452 0.108558059 -0.071541980 0.997237563 -0.019974567 0.057133734 -0.377074927 -0.008500849 0.926143765 52.360076904
0.910832167 0.071803883 0.406483680 0.249346614 -0.068785846 0.997387707 -0.022052417 0.047446012 -0.407005280 -0.007874271 0.913391888 52.597953796
0.895907521 0.069440074 0.438779831 0.395744681 -0.065138996 0.997566223 -0.024870228 0.043030143 -0.439438939 -0.006300252 0.898250341 52.831970215
0.878692269 0.068473347 0.472452402 0.559880495 -0.062091850 0.997645855 -0.029108794 0.032833874 -0.473333359 -0.003757769 0.880875349 53.056282043
0.859128237 0.070585936 0.506869137 0.716751099 -0.061761703 0.997503877 -0.034226835 0.025384367 -0.508019865 -0.001899860 0.861343265 53.271923065
0.837305546 0.072408579 0.541919291 0.900696754 -0.061199427 0.997374773 -0.038706638 0.016040444 -0.543299317 -0.000755860 0.839538753 53.498001099
0.812667072 0.075330183 0.577838719 1.099149227 -0.062284574 0.997157454 -0.042398389 0.005500078 -0.579390049 -0.001534661 0.815048933 53.727668762
0.785209358 0.079163708 0.614149272 1.309469700 -0.065016799 0.996852338 -0.045367997 -0.007152557 -0.615807652 -0.004306645 0.787884772 53.959503174
0.755237222 0.083676621 0.650088489 1.534954071 -0.068883084 0.996457994 -0.048235238 -0.022613287 -0.651822031 -0.008351049 0.758326054 54.190784454
0.722184539 0.084538594 0.686514974 1.790182114 -0.068280846 0.996368587 -0.050865944 -0.042813420 -0.688322067 -0.010141217 0.725334346 54.422214508
0.685554504 0.081603877 0.723433375 2.063783646 -0.064269476 0.996602118 -0.051513199 -0.065548658 -0.725178897 -0.011179571 0.688469768 54.639533997
0.646546066 0.080470897 0.758618891 2.370504379 -0.061617590 0.996680558 -0.053208753 -0.083238602 -0.760382473 -0.012342357 0.649358273 54.853862762
0.603927016 0.079950906 0.793019593 2.707088470 -0.059568845 0.996701181 -0.055120870 -0.101722598 -0.794810534 -0.013950273 0.606697321 55.076099396
0.557734013 0.079966590 0.826158702 3.069658279 -0.055958841 0.996706188 -0.058697015 -0.116934061 -0.828131318 -0.013493552 0.560371757 55.289077759
0.508998752 0.078817204 0.857151210 3.443046570 -0.053083610 0.996777833 -0.060133792 -0.144454956 -0.859128892 -0.014892653 0.511542559 55.485153198
0.460786402 0.076667666 0.884193420 3.850490570 -0.050684579 0.996909082 -0.060027514 -0.167053461 -0.886062682 -0.017155109 0.463248014 55.657043457
0.411155462 0.074439958 0.908520699 4.312927246 -0.050175741 0.996997237 -0.058982037 -0.194656372 -0.910183311 -0.021334914 0.413655937 55.840599060
0.360773027 0.074233606 0.929694772 4.768550873 -0.053033661 0.996847332 -0.059015565 -0.214849114 -0.931144655 -0.028013887 0.363572478 56.002296448
0.311700702 0.074453898 0.947258890 5.241615295 -0.051136106 0.996794999 -0.061520793 -0.240553617 -0.948803365 -0.029263049 0.314508975 56.129837036
0.264597833 0.071573585 0.961699188 5.727519989 -0.039918713 0.997200131 -0.063232653 -0.263451576 -0.963532329 -0.021658560 0.266714156 56.222480774
0.220552146 0.065497324 0.973173618 6.228511810 -0.026648814 0.997775018 -0.061113600 -0.294469833 -0.975011110 -0.012455185 0.221806884 56.286537170
0.178381622 0.064298265 0.981858253 6.743709564 -0.017617997 0.997911394 -0.062148724 -0.324600816 -0.983803630 -0.006212185 0.179141879 56.340682983
0.139877617 0.066105083 0.987959802 7.288516998 -0.014067018 0.997800946 -0.064771920 -0.343133211 -0.990068972 -0.004837498 0.140499890 56.403179169
0.107094646 0.066477254 0.992024004 7.832893372 -0.005469240 0.997786522 -0.066272981 -0.382493377 -0.994233847 0.001671867 0.107221186 56.436363220
0.078157067 0.065275118 0.994801939 8.378856659 0.001579103 0.997844815 -0.065598853 -0.413180828 -0.996939957 0.006697913 0.077885509 56.449401855
0.053301215 0.063518859 0.996556222 8.948329926 0.008476669 0.997910142 -0.064058535 -0.445843220 -0.998542488 0.011861877 0.052651405 56.458885193
0.033221781 0.062823676 0.997471571 9.529899597 0.013036286 0.997910321 -0.063285500 -0.470886707 -0.999363005 0.015105783 0.032333374 56.465114594
0.017172873 0.064358853 0.997779191 10.117439270 0.015854301 0.997783244 -0.064631991 -0.503528357 -0.999726951 0.016929012 0.016114414 56.471485138
0.003675818 0.064381860 0.997918546 10.710468292 0.016509617 0.997785389 -0.064434081 -0.533585548 -0.999856949 0.016712101 0.002604783 56.462699890
-0.007935286 0.065380998 0.997828782 11.317111969 0.017474869 0.997716904 -0.065234691 -0.567952871 -0.999815762 0.016919270 -0.009059668 56.452033997
-0.016865015 0.068232954 0.997526944 11.933872223 0.022764046 0.997436345 -0.067841895 -0.598452806 -0.999598682 0.021563595 -0.018375039 56.433807373
-0.023499608 0.069922753 0.997275710 12.575584412 0.026297955 0.997249067 -0.069301225 -0.640326500 -0.999378026 0.024597770 -0.025273800 56.411228180
-0.027814507 0.069485046 0.997195184 13.229564667 0.026960630 0.997270346 -0.068738282 -0.673244953 -0.999249458 0.024973087 -0.029611945 56.384563446
-0.031605959 0.066877969 0.997260451 13.886722565 0.024427835 0.997512579 -0.066120684 -0.706342697 -0.999201834 0.022271106 -0.033160925 56.372955322
-0.033969522 0.059819221 0.997631192 14.565380096 0.022636617 0.997997105 -0.059070390 -0.745904565 -0.999166608 0.020576403 -0.035255671 56.351196289
-0.035424471 0.054384727 0.997891545 15.251411438 0.023301702 0.998291671 -0.053579342 -0.778909206 -0.999100745 0.021354554 -0.036631227 56.333740234
-0.035972953 0.051658340 0.998016775 15.968299866 0.026491739 0.998361409 -0.050721303 -0.815633297 -0.999001622 0.024614606 -0.037282467 56.296844482
-0.035757780 0.053884000 0.997906804 16.670581818 0.029641680 0.998163164 -0.052835703 -0.852603912 -0.998920858 0.027690349 -0.037289381 56.269699097
-0.035017014 0.061392888 0.997499406 17.364883423 0.030627541 0.997708440 -0.060330596 -0.880421519 -0.998917460 0.028438359 -0.036817074 56.248138428
-0.032760620 0.069386743 0.997051954 18.075832367 0.031479798 0.997163951 -0.068360202 -0.918257236 -0.998967528 0.029147476 -0.034852028 56.226989746
-0.030546904 0.070084631 0.997073352 18.810173035 0.032165319 0.997091055 -0.069100447 -0.953959227 -0.999015749 0.029960383 -0.032712340 56.204154968
-0.028489113 0.065847725 0.997422993 19.564769745 0.031801622 0.997382522 -0.064936720 -0.994966030 -0.999088228 0.029869681 -0.030508637 56.180488586
-0.025860190 0.059388693 0.997899950 20.309123993 0.031249618 0.997793913 -0.058572564 -1.038521290 -0.999177098 0.029669296 -0.027659059 56.164218903
-0.023149371 0.057663910 0.998067737 21.050670624 0.029496185 0.997939944 -0.056972396 -1.081876040 -0.999296904 0.028120318 -0.024802446 56.155334473
-0.019364238 0.063217685 0.997811973 21.787521362 0.037143935 0.997355521 -0.062467944 -1.122151852 -0.999122381 0.035853028 -0.021661162 56.129859924
-0.016489267 0.068975024 0.997482300 22.510601044 0.038928304 0.996905625 -0.068291649 -1.162742615 -0.999106109 0.037704222 -0.019123316 56.121501923
-0.014328003 0.068980806 0.997515082 23.282512665 0.032644972 0.997117937 -0.068484440 -1.217041969 -0.999364316 0.031582609 -0.016538620 56.119518280
-0.011404514 0.065552212 0.997784078 24.024875641 0.028061351 0.997476816 -0.065211304 -1.258214116 -0.999541223 0.027255462 -0.013215303 56.130294800
-0.006551981 0.061403498 0.998091519 24.766889572 0.032182075 0.997608840 -0.061162546 -1.314885259 -0.999460518 0.031719923 -0.008512378 56.118659973
-0.002635241 0.062700868 0.998028934 25.509834290 0.036915973 0.997358143 -0.062561251 -1.355772257 -0.999314964 0.036678344 -0.004943013 56.103515625
0.000130415 0.067259260 0.997735560 26.255762100 0.036503326 0.997070253 -0.067219183 -1.405092478 -0.999333560 0.036429435 -0.002325177 56.102565765
0.003984690 0.068129525 0.997668624 26.995309830 0.032868754 0.997128427 -0.068223923 -1.446313858 -0.999451816 0.033063978 0.001733899 56.116806030
0.007700682 0.067486450 0.997690618 27.739751816 0.032140803 0.997187853 -0.067700528 -1.492447615 -0.999453843 0.032587923 0.005509973 56.126258850
0.011219621 0.064344436 0.997864664 28.517091751 0.036142103 0.997249305 -0.064711124 -1.546671987 -0.999283671 0.036790960 0.008863211 56.131690979
0.014993072 0.064878032 0.997780621 29.260763168 0.040739980 0.997024417 -0.065441042 -1.591830134 -0.999057353 0.041630723 0.012305319 56.136222839
0.018282294 0.065916836 0.997657776 30.014131546 0.043559574 0.996824443 -0.066660039 -1.637773514 -0.998883724 0.044676252 0.015352905 56.154449463
0.021332443 0.065776050 0.997606456 30.757915497 0.044179793 0.996796668 -0.066667393 -1.684493542 -0.998795927 0.045496229 0.018358111 56.163753510
0.024391174 0.064256728 0.997635305 31.533229828 0.045278732 0.996837080 -0.065312341 -1.731441975 -0.998676598 0.046764705 0.021404564 56.189762115
0.027955472 0.063165434 0.997611523 32.287227631 0.047244582 0.996802747 -0.064438142 -1.780619264 -0.998492122 0.048933141 0.024881840 56.213188171
0.030679464 0.063390061 0.997517347 33.047889709 0.045536142 0.996862113 -0.064748935 -1.825129628 -0.998491645 0.047409553 0.027696669 56.242729187
0.033524930 0.064935066 0.997326255 33.806793213 0.042938888 0.996872127 -0.066348888 -1.872565627 -0.998515189 0.045048423 0.030631840 56.280895233
0.036733866 0.065364756 0.997185111 34.557968140 0.044880044 0.996743798 -0.066989109 -1.908769369 -0.998316824 0.047214486 0.033680677 56.305358887
0.039928854 0.065014713 0.997085154 35.321941376 0.042531934 0.996865928 -0.066703632 -1.960578322 -0.998296916 0.045071356 0.037038505 56.325325012
0.042110860 0.065556891 0.996959984 36.085601807 0.040795699 0.996900022 -0.067276143 -2.002840519 -0.998279870 0.043504745 0.039305925 56.367538452
0.045104444 0.065509774 0.996832073 36.853614807 0.038212549 0.997004151 -0.067250125 -2.052054405 -0.998251259 0.041124776 0.042466044 56.407382965
0.047847927 0.067769907 0.996553123 37.614261627 0.036615212 0.996906161 -0.069551960 -2.096855640 -0.998183429 0.039816927 0.045218468 56.459140778
0.050760031 0.070985690 0.996184945 38.392745972 0.035194647 0.996724129 -0.072817437 -2.153895378 -0.998090565 0.038756594 0.048095465 56.512432098
0.054372370 0.072676815 0.995872378 39.154357910 0.035523947 0.996575534 -0.074667662 -2.210670471 -0.997888625 0.039437175 0.051604390 56.548461914
0.057791412 0.074701600 0.995529950 39.931091309 0.029761072 0.996624470 -0.076511383 -2.260177135 -0.997885048 0.034049738 0.055373132 56.595474243
0.060307503 0.074048057 0.995429456 40.709922791 0.025938652 0.996791601 -0.075720862 -2.310530186 -0.997842729 0.030386636 0.058193326 56.654552460
0.063445985 0.074433781 0.995205641 41.491729736 0.028145777 0.996684611 -0.076338738 -2.369433641 -0.997588277 0.032854222 0.061140656 56.719303131
0.067570031 0.075836390 0.994828165 42.270076752 0.027534787 0.996585488 -0.077840552 -2.422180414 -0.997334480 0.032652069 0.065251172 56.759429932
0.071500123 0.076974317 0.994466007 43.056728363 0.023895934 0.996599436 -0.078857519 -2.472219944 -0.997154236 0.029402010 0.069417596 56.823940277
0.075877964 0.075075135 0.994286776 43.848178864 0.022932604 0.996766388 -0.077012435 -2.524637461 -0.996853352 0.028645132 0.073910952 56.887439728
0.080003142 0.074651815 0.993995428 44.641445160 0.022851951 0.996792197 -0.076701149 -2.592711449 -0.996532738 0.028851077 0.078040600 56.965820312
0.085037470 0.078069560 0.993314564 45.444248199 0.019486737 0.996604681 -0.079996407 -2.654152870 -0.996187210 0.026159152 0.083227396 57.035778046
0.090921938 0.086604334 0.992085159 46.236068726 0.017438598 0.995920181 -0.088537320 -2.714949846 -0.995705366 0.025350554 0.089040697 57.120758057
0.098452151 0.091408990 0.990934789 47.036476135 0.016145883 0.995494545 -0.093433760 -2.776298761 -0.995010853 0.025198277 0.096532702 57.204227448
0.105293512 0.094445303 0.989946246 47.826274872 0.011082370 0.995306551 -0.096135460 -2.845366001 -0.994379520 0.021093398 0.103752673 57.301887512
0.112418652 0.092837617 0.989314556 48.649822235 0.008310127 0.995503187 -0.094362661 -2.908204556 -0.993626237 0.018829454 0.111141622 57.414482117
0.120512247 0.091251090 0.988509119 49.456535339 0.007858827 0.995647430 -0.092868149 -2.979896545 -0.992680848 0.018960280 0.119270563 57.492530823
0.127742887 0.088074818 0.987889051 50.265972137 0.007510561 0.995934784 -0.089763328 -3.042553663 -0.991778970 0.018886236 0.126562059 57.608665466
0.135323882 0.082600079 0.987352431 51.077419281 0.005105305 0.996447563 -0.084060684 -3.108881474 -0.990788281 0.016416155 0.134421468 57.721454620
0.142078936 0.075031877 0.987007499 51.888668060 0.003031490 0.997085333 -0.076234370 -3.171828032 -0.989850700 0.013823398 0.141437352 57.858364105
0.149391413 0.072146729 0.986142516 52.688915253 0.003432623 0.997290611 -0.073482342 -3.234269142 -0.988772213 0.014362688 0.148738980 57.987651825
0.157314122 0.074478708 0.984736204 53.494438171 0.002587005 0.997117519 -0.075828433 -3.292522907 -0.987545311 0.014476409 0.156668007 58.107387543
0.163086176 0.081001975 0.983281136 54.295227051 0.003091299 0.996577144 -0.082610019 -3.355046988 -0.986607075 0.016512180 0.162277579 58.234546661
0.168176651 0.084568851 0.982122660 55.079597473 0.001749372 0.996285975 -0.086088002 -3.413661957 -0.985755444 0.016196098 0.167404115 58.378612518
0.173098385 0.087637559 0.980997801 55.849842072 0.000702912 0.996022105 -0.089103788 -3.474655151 -0.984904349 0.016113279 0.172348201 58.524414062
0.178552806 0.087111443 0.980066538 56.619888306 -0.002213483 0.996106207 -0.088133834 -3.544803858 -0.983927786 0.013567177 0.178050399 58.665111542
0.184105694 0.083551899 0.979348779 57.379684448 0.002031622 0.996346056 -0.085383914 -3.615526199 -0.982904315 0.017709324 0.183263183 58.801708221
0.188039005 0.077265903 0.979117632 58.148246765 0.002121187 0.996866524 -0.079073913 -3.674997568 -0.982159317 0.016945869 0.187285900 58.961158752
0.191286802 0.071132421 0.978953302 58.896121979 0.000579604 0.997362196 -0.072583295 -3.731853247 -0.981534064 0.014451636 0.190741003 59.113536835
0.194550693 0.067692399 0.978553891 59.635314941 -0.002979302 0.997652054 -0.068421207 -3.787279129 -0.980887890 0.010395983 0.194295585 59.271717072
0.197705567 0.067697711 0.977921069 60.359062195 -0.004856037 0.997667849 -0.068082966 -3.841784954 -0.980249465 0.008711564 0.197573185 59.425571442
0.199778020 0.070050023 0.977333963 61.085098267 -0.007008004 0.997517884 -0.070064187 -3.890178680 -0.979816079 0.007148121 0.199773073 59.582084656
0.201072931 0.074735910 0.976721287 61.790580750 -0.011927716 0.997198224 -0.073847257 -3.941405773 -0.979503810 0.003198643 0.201400995 59.742404938
0.203156173 0.078493074 0.975995123 62.486091614 -0.012070735 0.996906638 -0.077662297 -3.998014927 -0.979071975 0.003996596 0.203475177 59.890693665
0.205004811 0.083922647 0.975156546 63.168258667 -0.012630664 0.996461093 -0.083100833 -4.050162792 -0.978679597 0.004719209 0.205339372 60.043849945
0.206530333 0.085826814 0.974668562 63.845001221 -0.011936500 0.996292233 -0.085201606 -4.103975773 -0.978367329 0.005962575 0.206789017 60.191154480
0.208373845 0.085853189 0.974273920 64.520828247 -0.014724361 0.996302366 -0.084645160 -4.158439636 -0.977938473 0.003292283 0.208867490 60.340206146
0.208957851 0.082779422 0.974414945 65.191307068 -0.014396302 0.996563315 -0.081573799 -4.216160297 -0.977818847 0.003017531 0.209431469 60.490978241
0.209754586 0.080240622 0.974456012 65.851676941 -0.014408302 0.996772349 -0.078976803 -4.272408485 -0.977647901 0.002525497 0.210233688 60.638774872
0.209373116 0.078935355 0.974644601 66.509140015 -0.012916730 0.996872723 -0.077960819 -4.324170113 -0.977750540 0.003733684 0.209737957 60.787014008
0.207897365 0.078119330 0.975026309 67.147994995 -0.012636536 0.996937037 -0.077180445 -4.371056080 -0.978069127 0.003724669 0.208247721 60.926898956
0.205956340 0.078851208 0.975379169 67.768188477 -0.014068784 0.996883810 -0.077618986 -4.424099922 -0.978460073 0.002263722 0.206423879 61.064044952
0.203568399 0.081530355 0.975660264 68.380500793 -0.014798061 0.996669054 -0.080198385 -4.476169109 -0.978949010 0.001887993 0.204096854 61.196956635
0.202162921 0.085113019 0.975646496 68.984939575 -0.013069628 0.996362150 -0.084212065 -4.531948566 -0.979264796 0.004273233 0.202539921 61.308895111
0.200134516 0.086379930 0.975953221 69.606582642 -0.010669640 0.996239066 -0.085987419 -4.572652340 -0.979710340 0.006795978 0.200303435 61.448104858
0.197802424 0.085318550 0.976521909 70.195343018 -0.011655276 0.996339262 -0.084689118 -4.618658543 -0.980172634 0.005370080 0.198072731 61.570259094
0.195628226 0.082401946 0.977210045 70.781372070 -0.011831373 0.996589422 -0.081667557 -4.665488243 -0.980606794 0.004414744 0.195935965 61.686119080
0.193460941 0.078390814 0.977971315 71.361389160 -0.011896373 0.996917009 -0.077556118 -4.719677448 -0.981035948 0.003369777 0.193797112 61.803527832
0.191679239 0.077599347 0.978385210 71.926429749 -0.007613917 0.996957004 -0.077580675 -4.762638569 -0.981428206 0.007421272 0.191686809 61.908493042
0.190003276 0.078824311 0.978614151 72.480377197 -0.003938435 0.996824980 -0.079526477 -4.807011604 -0.981775701 0.011256095 0.189710498 62.009742737
0.187193751 0.080890007 0.978986859 73.034759521 0.000208040 0.996600568 -0.082385138 -4.848217487 -0.982322991 0.015625650 0.186540544 62.119697571
0.185590208 0.082941443 0.979120612 73.579986572 -0.000158166 0.996433794 -0.084378071 -4.886398792 -0.982627332 0.015504891 0.184941471 62.224746704
0.184155881 0.085619897 0.979160905 74.129760742 -0.000535544 0.996207297 -0.087009758 -4.929344654 -0.982897043 0.015498987 0.183503270 62.331535339
0.183149517 0.084003560 0.979489505 74.672622681 0.001043754 0.996325374 -0.085642613 -4.974106789 -0.983084559 0.016707748 0.182388842 62.430511475
0.184093177 0.082516827 0.979439080 75.224563599 0.007008157 0.996334314 -0.085257486 -5.015375614 -0.982883930 0.022559397 0.182840049 62.522056580
0.185969055 0.080980316 0.979212940 75.785377502 0.011997710 0.996336401 -0.084674999 -5.051768303 -0.982482493 0.027495254 0.184316158 62.627304077
0.188338459 0.080150373 0.978828311 76.347991943 0.014782121 0.996320009 -0.084426947 -5.098324299 -0.981993079 0.030370004 0.186460555 62.729660034
0.191130877 0.079975314 0.978301048 76.902717590 0.012077088 0.996408165 -0.083815061 -5.143183708 -0.981490254 0.027834678 0.189478517 62.860069275
0.196624577 0.080841407 0.977140427 77.477828979 0.010611349 0.996361315 -0.084566861 -5.188471794 -0.980421424 0.026996702 0.195051312 62.983154297
0.203667641 0.079408370 0.975814462 78.014755249 0.012175836 0.996422768 -0.083626695 -5.230487347 -0.978964388 0.028913410 0.201972246 63.077919006
0.211255491 0.080183528 0.974136472 78.583267212 0.010239048 0.996393204 -0.084236033 -5.265740871 -0.977377295 0.027769560 0.209672511 63.208366394
0.219486475 0.078039236 0.972489417 79.159194946 0.010501788 0.996548951 -0.082340151 -5.309993267 -0.975559056 0.028285436 0.217909515 63.351356506
0.228565812 0.077499308 0.970438898 79.747184753 0.007142171 0.996666014 -0.081276000 -5.361227036 -0.973502338 0.025507964 0.227250278 63.501869202
0.238568723 0.077602409 0.968020141 80.336578369 0.005976721 0.996665895 -0.081371799 -5.400917053 -0.971107304 0.025198353 0.237309456 63.653480530
0.247759163 0.080846980 0.965442479 80.930534363 0.000374671 0.996504009 -0.083544247 -5.459789276 -0.968821585 0.021060584 0.246862710 63.828910828
0.257644057 0.083151303 0.962655365 81.523406982 -0.002445693 0.996343195 -0.085406594 -5.497638702 -0.966236830 0.019650141 0.256905258 63.989265442
0.267734289 0.085706428 0.959673226 82.109085083 -0.006185560 0.996168137 -0.087240025 -5.538268089 -0.963472903 0.017421031 0.267238498 64.164352417
0.277877331 0.087507330 0.956622601 82.726722717 -0.007732925 0.996013701 -0.088864408 -5.590585709 -0.960585475 0.017295921 0.277446330 64.355789185
0.287848830 0.088577524 0.953570604 83.359260559 -0.010928666 0.995952368 -0.089215398 -5.640339851 -0.957613409 0.015259291 0.287651777 64.563674927
0.298303306 0.089240521 0.950290203 83.998703003 -0.012259355 0.995895624 -0.089674972 -5.693225384 -0.954392493 0.015100414 0.298173010 64.771255493
0.308333993 0.090007678 0.947010398 84.634025574 -0.016670015 0.995872080 -0.089224152 -5.742549896 -0.951132059 0.011724159 0.308561623 64.989128113
0.318859935 0.085394755 0.943947077 85.297180176 -0.015844071 0.996273994 -0.084776506 -5.788194656 -0.947669446 0.012075866 0.319024861 65.220039368
0.329694390 0.078070574 0.940854251 85.965148926 -0.012347797 0.996846318 -0.078389794 -5.843186378 -0.944007039 0.014227203 0.329618633 65.451087952
0.340758085 0.073902696 0.937241852 86.639030457 -0.010561338 0.997143686 -0.074786179 -5.889647484 -0.940091670 0.015585466 0.340565264 65.704765320
0.350726545 0.070893183 0.933790743 87.319152832 -0.011941780 0.997388005 -0.071236216 -5.939681053 -0.936401784 0.013833310 0.350657046 65.974037170
0.360463679 0.068328805 0.930267215 88.013870239 -0.005492896 0.997451544 -0.071135134 -5.981654167 -0.932757080 0.020531768 0.359920382 66.238861084
0.368929923 0.062984668 0.927320719 88.713691711 0.001184942 0.997668624 -0.068234205 -6.019875526 -0.929456472 0.026272465 0.367995203 66.517181396
0.376189351 0.053309206 0.925007999 89.433952332 0.011326571 0.998004258 -0.062122446 -6.062485695 -0.926473618 0.033846974 0.374834716 66.798515320
0.382820845 0.049473014 0.922496974 90.147911072 0.015596042 0.998076618 -0.059998408 -6.107328415 -0.923690975 0.037355941 0.381312907 67.093292236
0.390119195 0.049249519 0.919446349 90.853439331 0.017640037 0.997985482 -0.060941052 -6.158302307 -0.920595407 0.039993349 0.388464570 67.397605896
0.397527874 0.055500340 0.915910125 91.563385010 0.020031018 0.997406363 -0.069132634 -6.201910019 -0.917371452 0.045828760 0.395385087 67.706802368
0.404496193 0.060478568 0.912537813 92.269592285 0.023046495 0.996820033 -0.076280095 -6.240442276 -0.914249301 0.051885810 0.401816070 68.024780273
0.409817278 0.062156204 0.910047591 92.986320496 0.021601427 0.996734560 -0.077804603 -6.297700882 -0.911911905 0.051543999 0.407136381 68.352180481
0.413747251 0.063785195 0.908154607 93.676155090 0.014257546 0.996966183 -0.076518588 -6.356436253 -0.910280228 0.044607412 0.411582589 68.694862366
0.417564392 0.067356430 0.906147480 94.357681274 0.007641508 0.996953130 -0.077627577 -6.415348530 -0.908615291 0.039338853 0.415777445 69.028343201
0.421863437 0.070150062 0.903941631 95.045776367 0.006667437 0.996735275 -0.080462940 -6.481101036 -0.906634986 0.039971352 0.420018435 69.353820801
0.426261663 0.074702859 0.901510179 95.736480713 0.003686166 0.996432602 -0.084311470 -6.531986237 -0.904592454 0.039261863 0.424465656 69.674468994
0.429700255 0.077712849 0.899621308 96.397811890 0.000531406 0.996267736 -0.086315379 -6.592797279 -0.902971447 0.037567813 0.428055227 69.999649048
0.433711648 0.076424144 0.897804916 97.060806274 -0.000683689 0.996424198 -0.084488682 -6.648376465 -0.901051521 0.036029916 0.432213068 70.327568054
0.437613904 0.072797626 0.896211267 97.704925537 0.000782004 0.996686041 -0.081340864 -6.711497307 -0.899162710 0.036296740 0.436106741 70.650238037
0.441256464 0.070247091 0.894627333 98.352531433 0.000585410 0.996908665 -0.078567065 -6.764990807 -0.897380829 0.035191946 0.439851224 70.968093872
0.444774866 0.069506399 0.892941356 98.983375549 -0.000712269 0.997011304 -0.077252410 -6.821001053 -0.895642161 0.033723921 0.443495035 71.293151855
0.448233604 0.071263812 0.891071379 99.600715637 -0.002830010 0.996925354 -0.078305960 -6.873505592 -0.893912017 0.032577626 0.447057128 71.609924316
0.450697839 0.071764715 0.889787257 100.203796387 -0.002283629 0.996852696 -0.079243243 -6.931599617 -0.892673671 0.033682816 0.449443221 71.924827576
0.453023255 0.070222579 0.888728738 100.807060242 -0.000376793 0.996907890 -0.078578249 -6.981583595 -0.891498625 0.035262909 0.451648951 72.229316711
0.454924941 0.068867795 0.887862980 101.403610229 0.001902310 0.996927857 -0.078302227 -7.031623840 -0.890527844 0.037310634 0.453396320 72.525726318
0.456850290 0.068584785 0.886895657 101.988342285 0.000908069 0.996986806 -0.077566028 -7.082147598 -0.889543116 0.036241420 0.455411375 72.831619263
0.458975375 0.067860246 0.885853648 102.566818237 0.002420023 0.996979535 -0.077626832 -7.132495880 -0.888445735 0.037772592 0.457424879 73.132736206
0.461318552 0.069722570 0.884490907 103.131607056 0.001751015 0.996833980 -0.079491615 -7.180040359 -0.887232959 0.038219720 0.459735930 73.438186646
0.463911235 0.069528386 0.883149028 103.688980103 0.004546226 0.996715307 -0.080857314 -7.237614632 -0.885870039 0.041525617 0.462071359 73.739692688
0.466836274 0.068864413 0.881658494 104.235168457 0.006911723 0.996648908 -0.081505813 -7.276787281 -0.884316802 0.044143651 0.464795887 74.033248901
0.469994068 0.067151494 0.880111516 104.771385193 0.009345149 0.996667445 -0.081035040 -7.333942413 -0.882620096 0.046310760 0.467800200 74.317848206
0.473116219 0.066169575 0.878511608 105.300247192 0.010825814 0.996663511 -0.080898955 -7.379844666 -0.880933523 0.047785211 0.470821381 74.606216431
0.476201653 0.065981992 0.876857102 105.819000244 0.011876934 0.996607244 -0.081443086 -7.423611641 -0.879255891 0.049197711 0.473802328 74.894699097
0.480108023 0.064850144 0.874809027 106.336235046 0.012169706 0.996675193 -0.080563076 -7.478261948 -0.877124965 0.049325150 0.477722585 75.173545837
0.483083963 0.064505890 0.873194695 106.847419739 0.013558504 0.996611774 -0.081124216 -7.524431229 -0.875469089 0.051029027 0.480572522 75.471107483
0.486519873 0.065822721 0.871186435 107.345153809 0.012857051 0.996510446 -0.082471721 -7.573212624 -0.873574913 0.051325023 0.483975887 75.756431580
0.491041899 0.065767772 0.868649840 107.836509705 0.015540716 0.996326029 -0.084219553 -7.614275932 -0.870997369 0.054854773 0.488215744 76.028900146
0.496018231 0.068962723 0.865569293 108.329795837 0.013496794 0.996108353 -0.087097608 -7.661941528 -0.868207276 0.054884415 0.493157148 76.314788818
0.501488566 0.074932106 0.861913204 108.814384460 0.010075440 0.995668888 -0.092422627 -7.706784248 -0.865105629 0.055033043 0.498561561 76.603614807
0.507366478 0.082036540 0.857816637 109.293830872 0.004836018 0.995171428 -0.098032683 -7.755945683 -0.861716926 0.053886924 0.504519939 76.896514893
0.513483882 0.088232368 0.853551090 109.778541565 -0.000483084 0.994729221 -0.102535486 -7.810522079 -0.858099163 0.052237988 0.510820031 77.204498291
0.519379497 0.092757024 0.849494576 110.271369934 -0.003841324 0.994334817 -0.106223673 -7.860645294 -0.854535043 0.051907223 0.516793489 77.535057068
0.524641991 0.093346044 0.846189916 110.760726929 -0.007938341 0.994463682 -0.104780816 -7.907638550 -0.851285994 0.048255082 0.522478461 77.859992981
0.530125737 0.092226483 0.842888534 111.250877380 -0.014624877 0.994913816 -0.099662498 -7.968423843 -0.847792923 0.040506512 0.528778195 78.185363770
0.535778999 0.089859858 0.839563072 111.752136230 -0.020906186 0.995427847 -0.093200758 -8.022391319 -0.844099462 0.032382958 0.535207987 78.527633667
0.541840255 0.088355780 0.835824430 112.258743286 -0.027583569 0.995792687 -0.087384559 -8.073439598 -0.840028763 0.024293454 0.541997731 78.867904663
0.547942102 0.086201511 0.832063019 112.767074585 -0.030142849 0.996065021 -0.083341986 -8.124605179 -0.835973024 0.020585839 0.548384309 79.217475891
0.554050624 0.089850113 0.827619970 113.279273987 -0.035342664 0.995800853 -0.084448405 -8.171780586 -0.831732392 0.017538395 0.554899633 79.584999084
0.559933662 0.094018914 0.823185742 113.801063538 -0.039233305 0.995434999 -0.087005481 -8.217313766 -0.827608049 0.016421013 0.561066270 79.963279724
0.566357851 0.097248323 0.818401873 114.328170776 -0.041917995 0.995127738 -0.089239679 -8.264292717 -0.823092818 0.016235834 0.567674875 80.336990356
0.572348893 0.099709749 0.813925505 114.859260559 -0.044672422 0.994897127 -0.090466179 -8.314249992 -0.818792522 0.015418204 0.573882580 80.733001709
