1.000000000 0.000000000 0.000000000 0.000000000 0.000000000 1.000000000 0.000000000 0.000000000 0.000000000 0.000000000 1.000000000 0.000000000
0.999999940 -0.000049990 0.000311833 -0.024472944 0.000049563 0.999999046 0.001368963 -0.011266856 -0.000311901 -0.001368948 0.999998987 1.314433694
0.999998331 -0.001741761 -0.000585040 -0.014737356 0.001742720 0.999997139 0.001642342 -0.037192285 0.000582177 -0.001643359 0.999998510 2.616025448
0.999995053 -0.003093215 -0.000611500 -0.022592070 0.003093618 0.999994993 0.000659679 -0.054482643 0.000609457 -0.000661568 0.999999583 3.931068182
0.999993622 -0.003541459 -0.000519226 -0.030014113 0.003541915 0.999993324 0.000880307 -0.075980052 0.000516105 -0.000882141 0.999999464 5.244013786
0.999992549 -0.003810019 -0.000596877 -0.032961678 0.003810972 0.999991477 0.001604581 -0.094444491 0.000590758 -0.001606844 0.999998510 6.574027538
0.999986708 -0.005144783 -0.000362459 -0.042077228 0.005145706 0.999983430 0.002592324 -0.108141840 0.000349116 -0.002594155 0.999996603 7.889425278
0.999988496 -0.004777644 -0.000455492 -0.046367820 0.004779069 0.999983549 0.003180676 -0.128450751 0.000440288 -0.003182816 0.999994814 9.226524353
0.999993145 -0.003648760 -0.000639223 -0.064030789 0.003649655 0.999992371 0.001403108 -0.146789774 0.000634099 -0.001405431 0.999998808 10.554599762
0.999998629 -0.001383021 -0.000895552 -0.063966006 0.001382461 0.999998868 -0.000624874 -0.170875341 0.000896415 0.000623635 0.999999404 11.897432327
0.999997377 0.002229640 -0.000515776 -0.080317460 -0.002230440 0.999996305 -0.001553999 -0.192412943 0.000512309 0.001555145 0.999998689 13.237978935
0.999990046 0.004434344 -0.000481749 -0.096787728 -0.004435041 0.999989092 -0.001454528 -0.216537207 0.000475294 0.001456650 0.999998808 14.574342728
0.999983609 0.005721643 -0.000212742 -0.112730056 -0.005721752 0.999983490 -0.000516068 -0.237000406 0.000209786 0.000517277 0.999999821 15.923884392
0.999994814 0.003229081 0.000022518 -0.107531980 -0.003229120 0.999992728 0.002031840 -0.260468036 -0.000015957 -0.002031902 0.999997914 17.287658691
0.999999285 -0.001205312 -0.000043649 -0.109127358 0.001205484 0.999990463 0.004191610 -0.282889515 0.000038597 -0.004191660 0.999991238 18.640890121
0.999994278 -0.003386599 -0.000155738 -0.110963546 0.003386837 0.999993026 0.001558379 -0.296373636 0.000150459 -0.001558897 0.999998748 19.991798401
0.999990702 -0.004302682 -0.000350713 -0.118793309 0.004302556 0.999990702 -0.000359236 -0.314999223 0.000352256 0.000357724 0.999999881 21.338813782
0.999998093 -0.001881629 0.000497538 -0.126635522 0.001882611 0.999996245 -0.001980917 -0.338752568 -0.000493808 0.001981850 0.999997914 22.705821991
0.999998748 0.000798691 0.001380560 -0.138760954 -0.000798726 0.999999702 0.000024959 -0.357995182 -0.001380539 -0.000026062 0.999999046 24.081863403
0.999997377 0.001528833 0.001689868 -0.148348764 -0.001534732 0.999992728 0.003494876 -0.375302523 -0.001684513 -0.003497460 0.999992490 25.456504822
0.999997079 -0.000961549 0.002221642 -0.144067764 0.000949538 0.999984980 0.005401321 -0.391829878 -0.002226802 -0.005399195 0.999982953 26.828918457
0.999987423 -0.004647210 0.001877195 -0.143504471 0.004640516 0.999982893 0.003554700 -0.405341268 -0.001893682 -0.003545944 0.999991894 28.198429108
0.999985397 -0.005102883 0.001773675 -0.145702720 0.005100488 0.999986053 0.001352133 -0.427625030 -0.001780550 -0.001343067 0.999997497 29.575117111
0.999982357 -0.005345172 0.002587215 -0.156022996 0.005349027 0.999984562 -0.001485540 -0.442252100 -0.002579235 0.001499353 0.999995530 30.949043274
0.999993265 -0.001793470 0.003195391 -0.161256567 0.001799740 0.999996483 -0.001960524 -0.472046643 -0.003191863 0.001966262 0.999992967 32.323738098
0.999993861 -0.000907749 0.003383510 -0.165750369 0.000920670 0.999992311 -0.003819245 -0.499392837 -0.003380016 0.003822337 0.999987006 33.696918488
0.999993861 -0.000130723 0.003498206 -0.163797334 0.000142487 0.999994338 -0.003363058 -0.523746729 -0.003497746 0.003363536 0.999988198 35.085735321
0.999993801 0.000235665 0.003510139 -0.175046086 -0.000228203 0.999997735 -0.002125957 -0.551073551 -0.003510632 0.002125143 0.999991596 36.454341888
0.999993801 0.001429970 0.003214281 -0.175420299 -0.001428270 0.999998868 -0.000531376 -0.578066051 -0.003215037 0.000526781 0.999994695 37.863891602
0.999985099 0.004241171 0.003445860 -0.191304013 -0.004240805 0.999991000 -0.000113634 -0.601160944 -0.003446311 0.000099019 0.999994040 39.243896484
0.999971807 0.006685980 0.003420838 -0.188202009 -0.006683713 0.999977410 -0.000673632 -0.623026431 -0.003425265 0.000650749 0.999993920 40.669017792
0.999954581 0.008884175 0.003458201 -0.201736674 -0.008884808 0.999960542 0.000167638 -0.649417520 -0.003456576 -0.000198356 0.999993980 42.056022644
0.999950826 0.009465928 0.002956898 -0.198340431 -0.009465214 0.999955177 -0.000255515 -0.666304231 -0.002959184 0.000227514 0.999995589 43.468135834
0.999954760 0.008948849 0.003225366 -0.215417027 -0.008946550 0.999959707 -0.000726291 -0.683666348 -0.003231736 0.000697402 0.999994516 44.867828369
0.999968708 0.007662833 0.001972551 -0.211513013 -0.007661331 0.999970376 -0.000768341 -0.711998641 -0.001978380 0.000753205 0.999997735 46.286422729
0.999972641 0.007294353 0.001251446 -0.222846031 -0.007293702 0.999973238 -0.000523936 -0.734486938 -0.001255234 0.000514794 0.999999106 47.688652039
0.999972045 0.007476396 0.000074815 -0.221258655 -0.007476443 0.999971807 0.000655231 -0.760302424 -0.000069914 -0.000655772 0.999999762 49.104988098
0.999967456 0.008020403 -0.000893691 -0.236485615 -0.008020202 0.999967813 0.000228182 -0.778650105 0.000895492 -0.000221007 0.999999583 50.505558014
0.999964595 0.008159791 -0.002042408 -0.246548042 -0.008158555 0.999966502 0.000612634 -0.800346911 0.002047339 -0.000595949 0.999997735 51.935073853
0.999961197 0.008191230 -0.003250115 -0.259943724 -0.008185891 0.999965131 0.001652486 -0.824057579 0.003263538 -0.001625817 0.999993324 53.354488373
0.999970078 0.006556375 -0.004106365 -0.265576810 -0.006545465 0.999975026 0.002664594 -0.848419070 0.004123733 -0.002637636 0.999988019 54.797504425
0.999976754 0.005225506 -0.004379577 -0.282802522 -0.005213083 0.999982357 0.002842994 -0.865888357 0.004394355 -0.002820097 0.999986351 56.227531433
0.999983788 0.002850801 -0.004927750 -0.293298990 -0.002841694 0.999994218 0.001854273 -0.885041654 0.004933008 -0.001840240 0.999986112 57.647720337
0.999985099 0.001450812 -0.005267728 -0.305874944 -0.001437676 0.999995828 0.002496468 -0.908743262 0.005271328 -0.002488858 0.999983013 59.068447113
0.999990046 0.000046990 -0.004457496 -0.317482978 -0.000033396 0.999995351 0.003049709 -0.933804154 0.004457618 -0.003049530 0.999985397 60.472557068
0.999991238 -0.001160140 -0.004029272 -0.331117094 0.001176556 0.999991000 0.004074243 -0.956566036 0.004024508 -0.004078948 0.999983609 61.890579224
0.999990880 -0.002480911 -0.003474097 -0.341047376 0.002493478 0.999990344 0.003617726 -0.980247378 0.003465088 -0.003626356 0.999987423 63.288734436
0.999988735 -0.003911175 -0.002693091 -0.358168900 0.003919411 0.999987662 0.003059754 -1.001074553 0.002681090 -0.003070275 0.999991715 64.693771362
0.999989688 -0.003798900 -0.002486642 -0.361774802 0.003804881 0.999989867 0.002404880 -1.021443486 0.002477481 -0.002414317 0.999994040 66.094848633
0.999996483 -0.002352026 -0.001203043 -0.379136145 0.002355143 0.999993861 0.002596261 -1.043647885 0.001196929 -0.002599085 0.999995887 67.512863159
0.999999046 0.000842574 -0.001107256 -0.391572654 -0.000838787 0.999993801 0.003416765 -1.063300252 0.001110128 -0.003415833 0.999993563 68.926933289
0.999988616 0.004767405 0.000091824 -0.413301378 -0.004767791 0.999977112 0.004806621 -1.084679484 -0.000068907 -0.004807003 0.999988437 70.310447693
0.999969304 0.007826298 0.000397043 -0.412106633 -0.007828321 0.999954879 0.005378200 -1.108117700 -0.000354934 -0.005381143 0.999985456 71.708457947
0.999927640 0.011987633 0.000983870 -0.431039900 -0.011992516 0.999915004 0.005117385 -1.126907349 -0.000922441 -0.005128814 0.999986410 73.103744507
0.999883175 0.015201914 0.001578223 -0.439351350 -0.015208765 0.999874532 0.004423613 -1.146048307 -0.001510778 -0.004447100 0.999988973 74.523094177
0.999855101 0.016829271 0.002566072 -0.454684377 -0.016840341 0.999848723 0.004355711 -1.165505290 -0.002492381 -0.004398294 0.999987245 75.901885986
0.999847114 0.017272834 0.002727387 -0.458967626 -0.017285427 0.999839723 0.004663439 -1.193486929 -0.002646399 -0.004709871 0.999985397 77.315567017
0.999867320 0.016057238 0.002741308 -0.463906109 -0.016069211 0.999861181 0.004403486 -1.207908154 -0.002670219 -0.004446953 0.999986529 78.713768005
0.999881327 0.015166735 0.002700841 -0.468707830 -0.015175985 0.999878943 0.003438026 -1.235305548 -0.002648370 -0.003478606 0.999990463 80.102401733
0.999897122 0.014117410 0.002528362 -0.475239664 -0.014126687 0.999893427 0.003689738 -1.255666137 -0.002476003 -0.003725075 0.999989986 81.475402832
0.999900222 0.014016459 0.001771248 -0.463716716 -0.014022712 0.999895334 0.003568731 -1.275054693 -0.001721042 -0.003593213 0.999992073 82.885093689
0.999914467 0.013010354 0.001357080 -0.473363221 -0.013014572 0.999910355 0.003147254 -1.289776564 -0.001316012 -0.003164646 0.999994099 84.256675720
0.999911845 0.013237332 0.001035384 -0.497373909 -0.013240939 0.999906003 0.003557388 -1.300266385 -0.000988196 -0.003570784 0.999993145 85.621826172
0.999910593 0.013368861 -0.000259803 -0.495160133 -0.013367619 0.999901414 0.004303529 -1.337145686 0.000317311 -0.004299671 0.999990702 87.016601562
0.999936521 0.011197076 -0.001237634 -0.509244919 -0.011190267 0.999922931 0.005377751 -1.355888367 0.001297754 -0.005363560 0.999984801 88.404563904
0.999956131 0.009024163 -0.002519111 -0.506990612 -0.009009565 0.999942899 0.005747251 -1.378225327 0.002570831 -0.005724302 0.999980330 89.773643494
0.999971569 0.006653463 -0.003541342 -0.509633720 -0.006631412 0.999958754 0.006202444 -1.399532795 0.003582464 -0.006178783 0.999974489 91.143241882
0.999979973 0.004941112 -0.003953800 -0.526583076 -0.004919266 0.999972701 0.005515961 -1.416711450 0.003980947 -0.005496400 0.999976993 92.514266968
0.999983251 0.004113955 -0.004067735 -0.543756425 -0.004092555 0.999977827 0.005255465 -1.431823969 0.004089266 -0.005238730 0.999977946 93.859672546
0.999983609 0.004030796 -0.004073577 -0.559809983 -0.004011930 0.999981225 0.004628889 -1.450997353 0.004092159 -0.004612470 0.999980986 95.225204468
0.999984920 0.003777284 -0.003988384 -0.574962735 -0.003760519 0.999984086 0.004202553 -1.472019553 0.004004195 -0.004187491 0.999983191 96.580207825
0.999979496 0.005070556 -0.003915565 -0.581827044 -0.005057979 0.999982059 0.003215283 -1.489912629 0.003931798 -0.003195412 0.999987185 97.941619873
0.999973714 0.006434143 -0.003350733 -0.609494925 -0.006422999 0.999973834 0.003325954 -1.506558061 0.003372045 -0.003304345 0.999988854 99.277183533
0.999971807 0.006750658 -0.003289996 -0.605395734 -0.006734674 0.999965608 0.004845573 -1.526502609 0.003322593 -0.004823280 0.999982834 100.636657715
0.999964833 0.007782036 -0.003131566 -0.629521787 -0.007761986 0.999949634 0.006364762 -1.545290351 0.003180939 -0.006340231 0.999974847 101.962059021
0.999968708 0.007239867 -0.003197260 -0.623819351 -0.007224924 0.999963045 0.004660541 -1.566614509 0.003230884 -0.004637295 0.999984026 103.321044922
0.999969184 0.007344224 -0.002782112 -0.642147124 -0.007337761 0.999970376 0.002326009 -1.582673430 0.002799112 -0.002305523 0.999993443 104.649024963
0.999973714 0.006465459 -0.003275573 -0.645941854 -0.006461564 0.999978423 0.001198003 -1.608784795 0.003283248 -0.001176806 0.999993920 105.994476318
0.999986470 0.004230564 -0.003034431 -0.658117175 -0.004222563 0.999987602 0.002638408 -1.630032063 0.003045555 -0.002625559 0.999991894 107.319816589
0.999994516 0.002379020 -0.002307228 -0.675363719 -0.002368800 0.999987423 0.004422188 -1.646855831 0.002317719 -0.004416699 0.999987543 108.671974182
0.999998629 0.000959414 -0.001361535 -0.683908641 -0.000952274 0.999985814 0.005235324 -1.670900822 0.001366539 -0.005234020 0.999985397 110.015830994
0.999999702 -0.000172264 -0.000721197 -0.686094761 0.000174844 0.999993563 0.003578840 -1.683563590 0.000720576 -0.003578965 0.999993324 111.352416992
0.999997318 0.002233465 0.000608415 -0.712189674 -0.002234301 0.999996543 0.001377436 -1.703845143 -0.000605337 -0.001378791 0.999998868 112.669990540
0.999990880 0.004081489 0.001264477 -0.705133677 -0.004080212 0.999991179 -0.001010413 -1.721950531 -0.001268590 0.001005244 0.999998689 114.014488220
0.999970973 0.007178861 0.002556630 -0.715817869 -0.007176632 0.999973834 -0.000879659 -1.746713996 -0.002562878 0.000861285 0.999996364 115.339431763
0.999958754 0.008144120 0.004025682 -0.715128243 -0.008148346 0.999966264 0.001034567 -1.768825769 -0.004017121 -0.001067327 0.999991357 116.678764343
0.999949276 0.008589285 0.005258843 -0.720310926 -0.008607010 0.999957323 0.003357260 -1.789268374 -0.005229782 -0.003402352 0.999980509 118.004516602
0.999951720 0.007887012 0.005865766 -0.714187086 -0.007908835 0.999961853 0.003706505 -1.808689475 -0.005836309 -0.003752717 0.999975920 119.357086182
0.999939382 0.008538366 0.006949362 -0.712158918 -0.008561434 0.999957919 0.003296409 -1.828776956 -0.006920924 -0.003355706 0.999970436 120.696365356
0.999915361 0.010194251 0.008086947 -0.708500624 -0.010215745 0.999944389 0.002621000 -1.848079920 -0.008059778 -0.002703392 0.999963880 122.037017822
0.999879181 0.012384004 0.009393678 -0.701834321 -0.012404285 0.999920845 0.002103900 -1.863100171 -0.009366880 -0.002220167 0.999953687 123.392692566
0.999861240 0.013028011 0.010383997 -0.702886224 -0.013039770 0.999914408 0.001065534 -1.883961320 -0.010369227 -0.001200791 0.999945521 124.750267029
0.999832988 0.014214382 0.011485693 -0.699469149 -0.014216838 0.999898911 0.000132314 -1.903057694 -0.011482652 -0.000295583 0.999934018 126.089820862
0.999837399 0.013160486 0.012329221 -0.684090018 -0.013162526 0.999913394 0.000084327 -1.926165342 -0.012327043 -0.000246597 0.999924004 127.433502197
0.999823868 0.013059497 0.013480551 -0.676367104 -0.013075817 0.999913871 0.001123267 -1.943273902 -0.013464720 -0.001299338 0.999908507 128.790878296
0.999841452 0.010931014 0.014055119 -0.663627267 -0.010965263 0.999937117 0.002362081 -1.970562220 -0.014028415 -0.002515825 0.999898434 130.139236450
0.999836564 0.010498582 0.014719505 -0.653997183 -0.010535418 0.999941528 0.002427185 -1.984428048 -0.014693163 -0.002581865 0.999888718 131.497039795
0.999862492 0.008321270 0.014343009 -0.633615553 -0.008359479 0.999961674 0.002606001 -2.006782055 -0.014320775 -0.002725542 0.999893725 132.830886841
0.999869883 0.007043812 0.014511428 -0.628870070 -0.007090591 0.999969840 0.003174627 -2.023416758 -0.014488628 -0.003277108 0.999889672 134.178237915
0.999887884 0.005479423 0.013933456 -0.621245384 -0.005517749 0.999981105 0.002713685 -2.038590431 -0.013918323 -0.002790263 0.999899268 135.542678833
0.999912143 0.004301750 0.012539522 -0.605398774 -0.004334771 0.999987185 0.002607343 -2.063037395 -0.012528145 -0.002661470 0.999917984 136.875549316
0.999927402 0.002822794 0.011714957 -0.600785553 -0.002861527 0.999990463 0.003290878 -2.078443766 -0.011705556 -0.003324162 0.999925971 138.213333130
0.999943793 0.001301987 0.010522133 -0.589422107 -0.001342248 0.999991775 0.003820096 -2.104241848 -0.010517073 -0.003834005 0.999937356 139.566040039
0.999957502 0.001047347 0.009162331 -0.586696744 -0.001081143 0.999992609 0.003684367 -2.120581865 -0.009158405 -0.003694117 0.999951243 140.904525757
0.999967635 0.000587130 0.008025294 -0.574963570 -0.000611807 0.999995112 0.003072774 -2.139431000 -0.008023451 -0.003077584 0.999963105 142.252517700
0.999974489 0.000474877 0.007125533 -0.578583181 -0.000494786 0.999996006 0.002792625 -2.159448147 -0.007124178 -0.002796079 0.999970734 143.589950562
0.999978602 -0.002259408 0.006134592 -0.566823423 0.002256075 0.999997318 0.000550184 -2.185153723 -0.006135819 -0.000536332 0.999981046 144.931015015
0.999960721 -0.007281824 0.005053180 -0.559681833 0.007281779 0.999973476 0.000027172 -2.204241037 -0.005053245 0.000009626 0.999987245 146.274322510
0.999876916 -0.015193131 0.003920940 -0.545044780 0.015183873 0.999881864 0.002379997 -2.229056120 -0.003956637 -0.002320169 0.999989510 147.636581421
0.999764502 -0.021541379 0.002630680 -0.546192467 0.021531662 0.999761462 0.003667836 -2.243511677 -0.002709063 -0.003610329 0.999989808 148.961090088
0.999674261 -0.025478099 0.001512203 -0.538875818 0.025477106 0.999675155 0.000671888 -2.270110130 -0.001528831 -0.000633143 0.999998629 150.313049316
0.999687970 -0.024915896 0.001782618 -0.535894275 0.024920482 0.999686062 -0.002597935 -2.293590069 -0.001717329 0.002641548 0.999995053 151.659805298
0.999772489 -0.021178018 0.002536067 -0.543384731 0.021189641 0.999764681 -0.004647779 -2.320197582 -0.002437039 0.004700460 0.999985993 152.999313354
0.999765277 -0.021372065 0.003545084 -0.548002541 0.021388380 0.999760509 -0.004629836 -2.350304365 -0.003445286 0.004704573 0.999983013 154.348403931
0.999685168 -0.024698721 0.004416850 -0.550371349 0.024704080 0.999694109 -0.001162870 -2.375754833 -0.004386778 0.001271619 0.999989569 155.688171387
0.999540329 -0.029977964 0.004522251 -0.531729698 0.029971231 0.999549568 0.001549323 -2.398438215 -0.004566660 -0.001413073 0.999988556 157.050933838
0.999426007 -0.033585679 0.004433190 -0.522751629 0.033572998 0.999432027 0.002905068 -2.416983843 -0.004528241 -0.002754565 0.999985933 158.395248413
0.999379396 -0.034915477 0.004656220 -0.523954868 0.034902357 0.999386609 0.002869720 -2.438041449 -0.004753562 -0.002705426 0.999985039 159.739334106
0.999414504 -0.033762850 0.005545312 -0.526182413 0.033742275 0.999423504 0.003762729 -2.462859154 -0.005669155 -0.003573414 0.999977529 161.095199585
0.999543607 -0.029428372 0.006825658 -0.531024516 0.029410886 0.999563873 0.002648333 -2.479845285 -0.006900617 -0.002446376 0.999973178 162.441345215
0.999627531 -0.026225047 0.007555991 -0.524294436 0.026220674 0.999655962 0.000677238 -2.502809048 -0.007571152 -0.000478863 0.999971211 163.800933838
0.999697149 -0.023091028 0.008510781 -0.527591705 0.023090791 0.999733388 0.000125946 -2.519917727 -0.008511420 0.000070613 0.999963760 165.150527954
0.999732852 -0.021395300 0.008747253 -0.522367537 0.021384465 0.999770463 0.001330478 -2.546934605 -0.008773711 -0.001143067 0.999960840 166.513397217
0.999764144 -0.020110501 0.008195470 -0.509634256 0.020101443 0.999797225 0.001186259 -2.576346874 -0.008217664 -0.001021239 0.999965727 167.886566162
0.999807715 -0.017922485 0.007953740 -0.512711108 0.017934788 0.999838054 -0.001478185 -2.591555834 -0.007925958 0.001620550 0.999967277 169.239395142
0.999877930 -0.013628457 0.007642927 -0.518684089 0.013662547 0.999896884 -0.004425948 -2.613118172 -0.007581820 0.004529830 0.999961019 170.582260132
0.999936461 -0.008382414 0.007534204 -0.522456050 0.008424324 0.999949098 -0.005548235 -2.641845226 -0.007487312 0.005611353 0.999956250 171.967544556
0.999961138 -0.004136615 0.007787593 -0.525928557 0.004170356 0.999981940 -0.004321470 -2.667718410 -0.007769577 0.004353779 0.999960363 173.333938599
0.999964476 -0.001066028 0.008363376 -0.531560183 0.001087153 0.999996245 -0.002521706 -2.694505930 -0.008360657 0.002530709 0.999961853 174.716049194
0.999964833 -0.000257586 0.008382496 -0.530958533 0.000260832 0.999999881 -0.000386109 -2.719194889 -0.008382396 0.000388282 0.999964774 176.104217529
0.999964833 -0.003911466 0.007418800 -0.518205285 0.003905337 0.999992013 0.000840416 -2.743308544 -0.007422028 -0.000811414 0.999972105 177.491195679
0.999968231 -0.005814553 0.005453367 -0.505838692 0.005810875 0.999982893 0.000690105 -2.759532213 -0.005457286 -0.000658394 0.999984920 178.885879517
0.999971747 -0.006493713 0.003790743 -0.510651290 0.006506092 0.999973536 -0.003262332 -2.789788246 -0.003769458 0.003286903 0.999987483 180.259902954
0.999987364 -0.004589140 0.002057803 -0.507066011 0.004604754 0.999960124 -0.007648222 -2.814642429 -0.002022622 0.007657601 0.999968648 181.654342651
0.999998987 0.000217167 0.001403745 -0.518673420 -0.000205616 0.999966145 -0.008223956 -2.847909451 -0.001405484 0.008223658 0.999965191 183.059799194
0.999992728 0.003583611 0.001283523 -0.528215468 -0.003574137 0.999966919 -0.007308673 -2.879435301 -0.001309672 0.007304033 0.999972463 184.450271606
0.999982059 0.005727948 0.001742355 -0.542956054 -0.005721042 0.999975860 -0.003943282 -2.907915115 -0.001764900 0.003933243 0.999990702 185.840087891
0.999976575 0.006510277 0.002115884 -0.548614085 -0.006506674 0.999977350 -0.001705538 -2.937151670 -0.002126939 0.001691730 0.999996305 187.223220825
0.999981999 0.005653097 0.001998692 -0.545705736 -0.005651387 0.999983668 -0.000859792 -2.957808495 -0.002003520 0.000848481 0.999997616 188.647201538
0.999990880 0.003914325 0.001714724 -0.545861542 -0.003913532 0.999992251 -0.000465623 -2.978671789 -0.001716533 0.000458908 0.999998450 190.083877563
0.999996901 0.001222190 0.002178953 -0.550322711 -0.001222932 0.999999166 0.000339409 -3.005588770 -0.002178536 -0.000342073 0.999997556 191.486816406
0.999996781 -0.001100912 0.002286417 -0.551151454 0.001100703 0.999999404 0.000092916 -3.021159172 -0.002286518 -0.000090399 0.999997377 192.923736572
0.999985337 -0.004797930 0.002521647 -0.544912517 0.004794275 0.999987423 0.001453321 -3.051792145 -0.002528588 -0.001441210 0.999995768 194.332550049
0.999952793 -0.009074912 0.003469105 -0.561626434 0.009065123 0.999954939 0.002827195 -3.064465761 -0.003494605 -0.002795614 0.999989986 195.744705200
0.999924600 -0.011789810 0.003436296 -0.545845926 0.011780213 0.999926686 0.002799770 -3.088534355 -0.003469053 -0.002759079 0.999990165 197.177337646
0.999946058 -0.009685638 0.003749251 -0.552790999 0.009691819 0.999951720 -0.001633827 -3.109240294 -0.003733245 0.001670076 0.999991655 198.611862183
0.999988139 -0.002344324 0.004265762 -0.561975777 0.002372808 0.999974847 -0.006684398 -3.135459423 -0.004249984 0.006694441 0.999968588 200.035629272
0.999960303 0.006834574 0.005715443 -0.579952300 -0.006795448 0.999953508 -0.006837285 -3.161216497 -0.005761907 0.006798175 0.999960303 201.478454590
0.999869704 0.014647951 0.006783769 -0.597932339 -0.014625659 0.999887526 -0.003324044 -3.185553074 -0.006831697 0.003224394 0.999971449 202.915649414
0.999854326 0.015297152 0.007575078 -0.592540860 -0.015291241 0.999882758 -0.000837657 -3.217813015 -0.007587004 0.000721702 0.999970973 204.357482910
0.999882877 0.013571640 0.007070051 -0.586860478 -0.013569153 0.999907851 -0.000399586 -3.237441301 -0.007074822 0.000303604 0.999974906 205.810440063
0.999935627 0.009761201 0.005780817 -0.581988871 -0.009759312 0.999952316 -0.000354821 -3.264681339 -0.005784004 0.000298382 0.999983251 207.278686523
0.999952257 0.008491965 0.004836281 -0.572771132 -0.008485974 0.999963224 -0.001257972 -3.280823469 -0.004846786 0.001216872 0.999987543 208.722854614
0.999952793 0.008696444 0.004336131 -0.574339807 -0.008689487 0.999960959 -0.001620527 -3.308117390 -0.004350054 0.001582772 0.999989271 210.180068970
0.999937713 0.010260006 0.004396929 -0.581031084 -0.010254643 0.999946654 -0.001240741 -3.333419800 -0.004409425 0.001195575 0.999989569 211.643325806
0.999934852 0.010702696 0.003967857 -0.579922676 -0.010700956 0.999942660 -0.000459511 -3.361707926 -0.003972548 0.000417021 0.999992013 213.101516724
0.999935508 0.010592112 0.004096662 -0.591163993 -0.010587797 0.999943376 -0.001073909 -3.383033276 -0.004107805 0.001030465 0.999991059 214.557250977
0.999946356 0.009752484 0.003481535 -0.585259080 -0.009745563 0.999950528 -0.001999452 -3.411516190 -0.003500862 0.001965415 0.999991953 216.037338257
0.999953985 0.009038824 0.003205725 -0.590753317 -0.009031226 0.999956369 -0.002376829 -3.432421684 -0.003227069 0.002347768 0.999992013 217.500976562
0.999954879 0.008988755 0.003077292 -0.602353275 -0.008981741 0.999957025 -0.002285646 -3.462917566 -0.003097705 0.002257904 0.999992669 218.966003418
0.999951422 0.009485871 0.002681225 -0.602961302 -0.009478629 0.999951422 -0.002700941 -3.487259626 -0.002706716 0.002675395 0.999992728 220.475006104
0.999950230 0.009655824 0.002505526 -0.610323370 -0.009648629 0.999949336 -0.002867930 -3.513397217 -0.002533091 0.002843612 0.999992728 221.952331543
0.999946415 0.010216421 0.001668133 -0.604233623 -0.010211157 0.999942958 -0.003134350 -3.542177200 -0.001700060 0.003117148 0.999993682 223.465652466
0.999947727 0.010118753 0.001478746 -0.613091886 -0.010113649 0.999943018 -0.003419074 -3.568741083 -0.001513258 0.003403940 0.999993086 224.947982788
0.999945521 0.010381052 0.001107999 -0.619719505 -0.010377331 0.999940693 -0.003313315 -3.595733166 -0.001142329 0.003301637 0.999993920 226.445358276
0.999955833 0.009331590 0.001117028 -0.629926562 -0.009327772 0.999950826 -0.003375062 -3.622229099 -0.001148468 0.003364494 0.999993682 227.932098389
0.999967396 0.007996957 0.001096125 -0.634889185 -0.007993001 0.999961674 -0.003566209 -3.652329445 -0.001124601 0.003557331 0.999993026 229.434890747
0.999974668 0.006987025 0.001374191 -0.651791990 -0.006982303 0.999969780 -0.003411484 -3.679370880 -0.001397986 0.003401803 0.999993265 230.929809570
0.999985039 0.005294345 0.001369458 -0.644689202 -0.005290826 0.999982715 -0.002560720 -3.710057020 -0.001382991 0.002553436 0.999995768 232.457473755
0.999982536 0.005779759 0.001212730 -0.653118312 -0.005777148 0.999980986 -0.002145774 -3.738438606 -0.001225109 0.002138731 0.999996960 233.968093872
0.999983132 0.005678132 0.001218874 -0.655737877 -0.005674952 0.999980509 -0.002596968 -3.771562576 -0.001233597 0.002590007 0.999995887 235.476684570
0.999978840 0.006341063 0.001443058 -0.659549236 -0.006336251 0.999974430 -0.003315568 -3.799564362 -0.001464045 0.003306354 0.999993443 236.991210938
0.999969304 0.007576907 0.002002550 -0.666576803 -0.007571633 0.999967873 -0.002628278 -3.827041626 -0.002022400 0.002613034 0.999994516 238.494720459
0.999965310 0.007804590 0.002911597 -0.674975693 -0.007802984 0.999969423 -0.000562408 -3.853943348 -0.002915897 0.000539669 0.999995589 240.010009766
0.999965549 0.007627991 0.003268513 -0.676720679 -0.007627551 0.999970913 -0.000147071 -3.876122952 -0.003269539 0.000122135 0.999994636 241.532119751
0.999958873 0.008148574 0.003975209 -0.679484785 -0.008141756 0.999965370 -0.001728220 -3.905616045 -0.003989154 0.001695784 0.999990582 243.031524658
0.999956012 0.008381062 0.004205222 -0.675780416 -0.008367804 0.999960005 -0.003160686 -3.931884527 -0.004231543 0.003125359 0.999986172 244.533172607
0.999951541 0.008624177 0.004752652 -0.680439115 -0.008612780 0.999960005 -0.002413409 -3.963643074 -0.004773275 0.002372358 0.999985814 246.056686401
0.999953330 0.008549239 0.004505244 -0.680444658 -0.008542777 0.999962449 -0.001451557 -3.990574837 -0.004517484 0.001413002 0.999988794 247.586044312
0.999949872 0.008899750 0.004593536 -0.691465914 -0.008894796 0.999959826 -0.001097893 -4.018055439 -0.004603122 0.001056979 0.999988854 249.104858398
0.999947369 0.009337301 0.004252614 -0.690419495 -0.009333869 0.999956071 -0.000826043 -4.053433895 -0.004260140 0.000786307 0.999990642 250.642547607
0.999929011 0.010786951 0.005061065 -0.700572133 -0.010785074 0.999941766 -0.000397938 -4.081006050 -0.005065063 0.000343325 0.999987125 252.170623779
0.999915779 0.012067200 0.004782090 -0.698717892 -0.012063609 0.999926925 -0.000779015 -4.103508949 -0.004791141 0.000721260 0.999988258 253.689773560
0.999912560 0.012155310 0.005207029 -0.707152724 -0.012151958 0.999925911 -0.000674775 -4.126089096 -0.005214845 0.000611440 0.999986231 255.227233887
0.999929428 0.010789843 0.004972913 -0.706575930 -0.010787335 0.999941647 -0.000530957 -4.152813911 -0.004978352 0.000477275 0.999987483 256.765045166
0.999946177 0.009150020 0.004885949 -0.707481503 -0.009152430 0.999957979 0.000471272 -4.182397842 -0.004881432 -0.000515965 0.999987960 258.293945312
0.999968112 0.006609274 0.004482638 -0.694880784 -0.006613285 0.999977767 0.000880603 -4.200527668 -0.004476718 -0.000910220 0.999989569 259.845916748
0.999978065 0.005038505 0.004292984 -0.693811297 -0.005039267 0.999987304 0.000166681 -4.229169846 -0.004292089 -0.000188311 0.999990761 261.392242432
0.999983370 0.004046148 0.004104643 -0.696759820 -0.004043055 0.999991536 -0.000761556 -4.256274223 -0.004107689 0.000744948 0.999991298 262.928192139
0.999987721 0.002195556 0.004445937 -0.698421001 -0.002199476 0.999997199 0.000877032 -4.280436993 -0.004443998 -0.000886799 0.999989748 264.463592529
0.999986172 0.000260630 0.005246840 -0.702872336 -0.000275177 0.999996126 0.002771990 -4.301450253 -0.005246098 -0.002773395 0.999982417 266.006286621
0.999985039 -0.000666072 0.005427287 -0.702332914 0.000655709 0.999997973 0.001910938 -4.321311474 -0.005428549 -0.001907351 0.999983430 267.548461914
0.999982357 -0.001329189 0.005789285 -0.700233042 0.001325298 0.999998868 0.000675912 -4.340131760 -0.005790177 -0.000668228 0.999983013 269.080261230
0.999978185 -0.000962814 0.006530882 -0.700342834 0.000957148 0.999999166 0.000870684 -4.374590874 -0.006531715 -0.000864414 0.999978304 270.627075195
0.999973297 0.000632470 0.007282042 -0.697690666 -0.000637591 0.999999523 0.000700975 -4.396964550 -0.007281595 -0.000705600 0.999973238 272.176116943
0.999964178 0.002013581 0.008220884 -0.700183690 -0.002015991 0.999997914 0.000284926 -4.420886993 -0.008220294 -0.000301489 0.999966145 273.709960938
0.999950647 0.003678233 0.009226295 -0.694166720 -0.003677605 0.999993205 -0.000085067 -4.448454380 -0.009226546 0.000051132 0.999957442 275.274322510
0.999937057 0.004852186 0.010116792 -0.688470066 -0.004847712 0.999988139 -0.000466727 -4.476266861 -0.010118936 0.000417654 0.999948740 276.814819336
0.999935746 0.004459118 0.010423933 -0.673836529 -0.004449258 0.999989629 -0.000968907 -4.500138283 -0.010428146 0.000922466 0.999945223 278.367645264
0.999930978 0.003170727 0.011313358 -0.662132442 -0.003154986 0.999994040 -0.001408949 -4.523887634 -0.011317758 0.001373158 0.999935031 279.939361572
0.999919653 0.002804291 0.012363617 -0.651542366 -0.002790032 0.999995410 -0.001170350 -4.552210331 -0.012366842 0.001135761 0.999922872 281.470855713
0.999915063 0.001658844 0.012927644 -0.634466469 -0.001654429 0.999998569 -0.000352217 -4.575446606 -0.012928209 0.000330799 0.999916375 283.027587891
0.999913692 0.000789819 0.013112000 -0.620799422 -0.000790585 0.999999702 0.000053247 -4.606090069 -0.013111954 -0.000063609 0.999914050 284.586364746
0.999917865 0.000425024 0.012809934 -0.597031295 -0.000395706 0.999997318 -0.002291126 -4.638675690 -0.012810873 0.002285869 0.999915302 286.145538330
0.999920368 -0.001345327 0.012548301 -0.581796587 0.001403437 0.999988317 -0.004623286 -4.662025452 -0.012541936 0.004640529 0.999910593 287.714752197
0.999925733 -0.001023632 0.012142724 -0.572915196 0.001078166 0.999989331 -0.004485319 -4.696710110 -0.012138003 0.004498078 0.999916196 289.264678955
0.999935150 -0.002369604 0.011139954 -0.557210028 0.002421131 0.999986410 -0.004614266 -4.721104145 -0.011128869 0.004640938 0.999927282 290.831237793
0.999942005 -0.002304945 0.010518431 -0.562673390 0.002361986 0.999982536 -0.005413767 -4.751876831 -0.010505769 0.005438298 0.999930024 292.367065430
0.999953926 -0.002033433 0.009383461 -0.536200523 0.002086295 0.999981999 -0.005627126 -4.786417007 -0.009371849 0.005646443 0.999940157 293.978240967
0.999961913 -0.002051016 0.008485340 -0.522369027 0.002093698 0.999985158 -0.005024225 -4.823092461 -0.008474910 0.005041799 0.999951363 295.553863525
0.999968529 -0.002484308 0.007537284 -0.516815305 0.002521357 0.999984741 -0.004910020 -4.858438015 -0.007524971 0.004928870 0.999959528 297.127044678
0.999974728 -0.002673903 0.006583574 -0.511526585 0.002696828 0.999990344 -0.003475731 -4.889496326 -0.006574216 0.003493398 0.999972284 298.709960938
0.999982595 -0.001252397 0.005768830 -0.505284071 0.001265868 0.999996483 -0.002332000 -4.917098999 -0.005765889 0.002339262 0.999980628 300.306030273
0.999978542 -0.000926285 0.006482995 -0.502129436 0.000941111 0.999996960 -0.002284303 -4.941918373 -0.006480860 0.002290355 0.999976397 301.894348145
0.999973714 -0.000446229 0.007234971 -0.493908048 0.000462753 0.999997318 -0.002282427 -4.975872040 -0.007233933 0.002285715 0.999971211 303.497741699
0.999969006 -0.001811004 0.007664580 -0.490302593 0.001831825 0.999994636 -0.002710403 -4.997435570 -0.007659630 0.002724359 0.999966979 305.091491699
0.999962926 -0.003465890 0.007880389 -0.483579606 0.003493615 0.999987721 -0.003507245 -5.031292439 -0.007868136 0.003534646 0.999962807 306.689849854
0.999954283 -0.005029972 0.008133289 -0.467698634 0.005075432 0.999971569 -0.005578368 -5.060763836 -0.008104999 0.005619393 0.999951363 308.300659180
0.999953568 -0.005398652 0.007983604 -0.460876286 0.005450865 0.999963820 -0.006532898 -5.093526363 -0.007948046 0.006576112 0.999946773 309.912170410
0.999973893 -0.004556736 0.005612422 -0.455917209 0.004600130 0.999959409 -0.007743383 -5.125702858 -0.005576910 0.007768998 0.999954283 311.529998779
0.999987304 -0.003452211 0.003666225 -0.455068201 0.003477414 0.999970198 -0.006890480 -5.162079811 -0.003642329 0.006903141 0.999969542 313.144500732
0.999992251 -0.002443798 0.003093217 -0.454049200 0.002455332 0.999990046 -0.003730421 -5.193112850 -0.003084070 0.003737987 0.999988258 314.775817871
0.999985337 -0.003958412 0.003688672 -0.450623542 0.003960509 0.999992013 -0.000561314 -5.227756977 -0.003686420 0.000575915 0.999993026 316.404571533
0.999982536 -0.004824155 0.003407210 -0.446333170 0.004823875 0.999988377 0.000090721 -5.253999710 -0.003407608 -0.000074284 0.999994218 318.027313232
0.999977231 -0.005572165 0.003803005 -0.447384506 0.005577045 0.999983609 -0.001273810 -5.275940418 -0.003795845 0.001294991 0.999991953 319.665771484
0.999969423 -0.006681591 0.004063275 -0.447922885 0.006686820 0.999976814 -0.001274645 -5.299353123 -0.004054664 0.001301776 0.999990940 321.291046143
0.999967515 -0.006654864 0.004551608 -0.451127738 0.006659508 0.999977291 -0.001005909 -5.330655575 -0.004544810 0.001036188 0.999989152 322.917449951
0.999966085 -0.006503400 0.005050532 -0.451940149 0.006508693 0.999978304 -0.001032221 -5.361606121 -0.005043709 0.001065059 0.999986708 324.535766602
0.999974072 -0.004777110 0.005389218 -0.445932537 0.004788850 0.999986172 -0.002167618 -5.388473511 -0.005378789 0.002193370 0.999983132 326.149078369
0.999974728 -0.004086539 0.005812735 -0.447231948 0.004100198 0.999988854 -0.002339981 -5.424295425 -0.005803108 0.002363756 0.999980390 327.764434814
0.999963403 -0.004684117 0.007157806 -0.444929630 0.004690922 0.999988556 -0.000934295 -5.449696541 -0.007153348 0.000967838 0.999973953 329.388549805
0.999960065 -0.005321513 0.007180535 -0.454216987 0.005319985 0.999985814 0.000231964 -5.482095718 -0.007181668 -0.000193755 0.999974191 330.995788574
0.999951601 -0.006979833 0.006935506 -0.428575516 0.006988903 0.999974728 -0.001284278 -5.507087708 -0.006926367 0.001332687 0.999975145 332.626861572
0.999960065 -0.005728539 0.006857545 -0.425804645 0.005736644 0.999982893 -0.001162869 -5.537628174 -0.006850766 0.001202162 0.999975801 334.267730713
0.999969602 -0.004124684 0.006613806 -0.423968196 0.004146029 0.999986231 -0.003216917 -5.567440987 -0.006600447 0.003244241 0.999972939 335.850402832
0.999978721 -0.002446524 0.006046280 -0.425071567 0.002483862 0.999977827 -0.006175672 -5.599739075 -0.006031037 0.006190558 0.999962628 337.461822510
0.999985158 -0.001190260 0.005312029 -0.425329298 0.001220678 0.999982834 -0.005726651 -5.634943008 -0.005305122 0.005733050 0.999969482 339.073425293
0.999990523 0.000100528 0.004353421 -0.430094510 -0.000090377 0.999997258 -0.002331659 -5.670772076 -0.004353644 0.002331243 0.999987781 340.660064697
0.999995470 0.000416056 0.002982027 -0.424587458 -0.000418202 0.999999642 0.000719249 -5.703649998 -0.002981726 -0.000720493 0.999995291 342.293640137
0.999997675 0.001117103 0.001846291 -0.431108326 -0.001115979 0.999999166 -0.000609859 -5.731338501 -0.001846970 0.000607797 0.999998093 343.903076172
0.999999881 0.000481031 -0.000195994 -0.435525507 -0.000481454 0.999997556 -0.002164331 -5.760980606 0.000194952 0.002164425 0.999997616 345.494934082
0.999998033 -0.000458568 -0.001924290 -0.439816952 0.000456702 0.999999404 -0.000970221 -5.788553238 0.001924734 0.000969340 0.999997675 347.109130859
0.999994099 -0.001825892 -0.002903454 -0.449177206 0.001824242 0.999998152 -0.000570750 -5.818903446 0.002904491 0.000565450 0.999995649 348.709075928
0.999992251 -0.002166477 -0.003290111 -0.462196410 0.002162348 0.999996841 -0.001258187 -5.847111702 0.003292826 0.001251063 0.999993801 350.310821533
0.999987125 -0.003341545 -0.003821590 -0.468465924 0.003333205 0.999992073 -0.002186691 -5.876617432 0.003828867 0.002173925 0.999990284 351.910003662
0.999987364 -0.003286898 -0.003803859 -0.483271450 0.003277298 0.999991417 -0.002527227 -5.904773235 0.003812133 0.002514729 0.999989569 353.515777588
0.999985814 -0.003989087 -0.003531578 -0.500366032 0.003979300 0.999988258 -0.002774074 -5.933378696 0.003542603 0.002759982 0.999989927 355.105194092
0.999984503 -0.004254008 -0.003591719 -0.515224636 0.004242925 0.999986231 -0.003087964 -5.972506523 0.003604806 0.003072677 0.999988794 356.707458496
0.999982953 -0.004729343 -0.003416730 -0.533658981 0.004715403 0.999980569 -0.004076531 -5.996746540 0.003435943 0.004060350 0.999985874 358.317016602
0.999979734 -0.005153826 -0.003743392 -0.537910700 0.005140315 0.999980271 -0.003610030 -6.035806656 0.003761924 0.003590715 0.999986470 359.921173096
0.999979675 -0.005124600 -0.003799320 -0.544862986 0.005108261 0.999977708 -0.004297984 -6.071499825 0.003821261 0.004278489 0.999983549 361.525939941
0.999969661 -0.006737181 -0.003903310 -0.554068506 0.006715000 0.999961376 -0.005668217 -6.106397152 0.003941347 0.005641834 0.999976337 363.112457275
0.999959588 -0.008064428 -0.003976336 -0.565290213 0.008049292 0.999960363 -0.003807977 -6.140702248 0.004006887 0.003775817 0.999984860 364.719024658
0.999940515 -0.009986026 -0.004390046 -0.567023575 0.009972667 0.999945581 -0.003054425 -6.169842243 0.004420308 0.003010463 0.999985695 366.325744629
0.999935985 -0.010650820 -0.003818085 -0.591113150 0.010635212 0.999935091 -0.004085219 -6.196231842 0.003861348 0.004044351 0.999984384 367.912475586
0.999951482 -0.009355566 -0.003085025 -0.615185797 0.009340118 0.999943972 -0.004984455 -6.223814964 0.003131484 0.004955398 0.999982834 369.523681641
0.999959767 -0.008443587 -0.003019134 -0.629891217 0.008432822 0.999958098 -0.003560680 -6.266260147 0.003049072 0.003535077 0.999989092 371.107849121
0.999970615 -0.007207947 -0.002616916 -0.647404492 0.007200377 0.999969900 -0.002890659 -6.297153950 0.002637673 0.002871732 0.999992371 372.707031250
0.999971747 -0.007139071 -0.002351006 -0.650585294 0.007132241 0.999970376 -0.002901000 -6.333630085 0.002371647 0.002884150 0.999993026 374.299377441
0.999976397 -0.006686660 -0.001587194 -0.674400151 0.006680198 0.999969542 -0.004042013 -6.358094215 0.001614173 0.004031315 0.999990582 375.892211914
0.999971449 -0.007308246 -0.001927216 -0.674067199 0.007301145 0.999966621 -0.003666382 -6.400318146 0.001953946 0.003652206 0.999991417 377.498535156
0.999970317 -0.007485950 -0.001834283 -0.677953184 0.007479767 0.999966383 -0.003354822 -6.440069675 0.001859335 0.003341002 0.999992669 379.122161865
0.999985933 -0.005152037 -0.001257474 -0.697665155 0.005147145 0.999979317 -0.003863252 -6.460289955 0.001277352 0.003856726 0.999991775 380.719787598
0.999992728 -0.003729030 -0.000796238 -0.709076047 0.003726535 0.999988198 -0.003113098 -6.491774559 0.000807838 0.003110108 0.999994814 382.325134277
0.999998689 -0.001566156 -0.000464580 -0.729687035 0.001564174 0.999989808 -0.004236638 -6.523523808 0.000471210 0.004235906 0.999990940 383.981445312
