1.000000000 0.000000000 0.000000000 0.000000000 0.000000000 1.000000000 0.000000000 0.000000000 0.000000000 0.000000000 1.000000000 0.000000000
0.999933422 -0.002600628 0.011241234 0.016612304 0.002590362 0.999996185 0.000927770 -0.002280144 -0.011243604 -0.000898589 0.999936402 0.294409961
0.999829888 -0.004770602 0.017815975 0.027517829 0.004751664 0.999988079 0.001105152 -0.008025925 -0.017821036 -0.001020309 0.999840677 0.583476484
0.999780893 -0.007580126 0.019512832 0.043686047 0.007586323 0.999971211 -0.000243561 -0.009858722 -0.019510424 0.000391538 0.999809563 0.890059292
0.999809325 -0.008940573 0.017361855 0.045227751 0.008978263 0.999957502 -0.002094108 -0.007862665 -0.017342394 0.002249588 0.999847054 1.198389292
0.999884009 -0.011500226 0.009987189 0.055962253 0.011534018 0.999927938 -0.003332458 -0.011550268 -0.009948146 0.003447263 0.999944568 1.510494351
0.999911547 -0.013134161 -0.002100796 0.054297484 0.013122555 0.999899089 -0.005446076 -0.012914836 0.002172113 0.005418027 0.999982953 1.845508814
0.999745727 -0.012481184 -0.018781714 0.036518984 0.012369849 0.999905288 -0.006032354 -0.014682442 0.018855227 0.005798493 0.999805391 2.182576656
0.999229789 -0.007790479 -0.038459491 0.003088357 0.007562745 0.999953032 -0.006063355 -0.018298013 0.038504921 0.005767826 0.999241769 2.526653051
0.998307347 -0.004298462 -0.057999644 -0.036963765 0.003896327 0.999967575 -0.007044712 -0.026418561 0.058028046 0.006806802 0.998291731 2.877148151
0.996904373 -0.003932392 -0.078525551 -0.074330859 0.003355258 0.999966383 -0.007480227 -0.030082909 0.078552321 0.007193598 0.996884048 3.245486736
0.994984448 -0.005609929 -0.099872120 -0.121293128 0.004908283 0.999961555 -0.007269775 -0.029570375 0.099909060 0.006743113 0.994973719 3.615211964
0.992843211 -0.007006583 -0.119219199 -0.182485893 0.006314683 0.999960959 -0.006180373 -0.038867414 0.119257845 0.005383310 0.992848694 4.005212307
0.990534782 -0.005904895 -0.137134776 -0.253460765 0.005200528 0.999971390 -0.005494026 -0.045024280 0.137163296 0.004728850 0.990537167 4.405653000
0.988170087 -0.004833304 -0.153285772 -0.325127333 0.004069245 0.999977708 -0.005297880 -0.046547536 0.153307959 0.004611449 0.988167703 4.816775799
0.986036062 -0.004063938 -0.166482493 -0.411802858 0.003293992 0.999982595 -0.004900651 -0.060398646 0.166499510 0.004283826 0.986032248 5.237763405
0.983892024 -0.005595837 -0.178676322 -0.499768794 0.004646191 0.999972761 -0.005732905 -0.066575617 0.178703547 0.004810395 0.983891189 5.668285370
0.982018352 -0.009618980 -0.188540399 -0.587582171 0.008222844 0.999932706 -0.008185770 -0.073417358 0.188606456 0.006488238 0.982031345 6.116691589
0.980438471 -0.008619273 -0.196636900 -0.685196519 0.006694211 0.999922991 -0.010452500 -0.075989522 0.196711853 0.008931704 0.980420649 6.582045078
0.978950620 -0.008403133 -0.203924075 -0.789802372 0.006132195 0.999911964 -0.011765540 -0.085998110 0.204005003 0.010267381 0.978915989 7.054811478
0.977178633 -0.009102955 -0.212224096 -0.899918675 0.006112269 0.999872625 -0.014743932 -0.093564622 0.212331280 0.013110285 0.977109790 7.533903122
0.975409985 -0.012934802 -0.220018178 -1.015858412 0.009541423 0.999818683 -0.016478902 -0.104039103 0.220191449 0.013974399 0.975356579 8.032487869
0.973474145 -0.019776339 -0.227940708 -1.129742384 0.016152974 0.999711931 -0.017750844 -0.118436404 0.228226110 0.013598069 0.973513186 8.546965599
0.971459329 -0.020152474 -0.236348480 -1.254531384 0.015901335 0.999675930 -0.019879295 -0.137616664 0.236672506 0.015553670 0.971464992 9.048999786
0.969316125 -0.016328173 -0.245274574 -1.404399872 0.010616665 0.999641240 -0.024590438 -0.144365475 0.245588094 0.021231912 0.969141722 9.578659058
0.967138112 -0.013082082 -0.253914893 -1.561731577 0.006317425 0.999603510 -0.027438618 -0.163082212 0.254173160 0.024932845 0.966837287 10.115353584
0.964800775 -0.015690165 -0.262513489 -1.708323836 0.008346150 0.999542594 -0.029067522 -0.182680875 0.262849510 0.025853390 0.964490414 10.681912422
0.962354183 -0.018514331 -0.271167308 -1.866904020 0.010335985 0.999448478 -0.031557065 -0.200755984 0.271602035 0.027566293 0.962014794 11.250755310
0.960136533 -0.017757235 -0.278966993 -2.046377182 0.008628850 0.999387443 -0.033916138 -0.224930406 0.279398352 0.030156959 0.959701598 11.825911522
0.957785368 -0.017183878 -0.286970228 -2.229972363 0.006702904 0.999275446 -0.037465502 -0.251324892 0.287406117 0.033960376 0.957206547 12.410451889
0.955393136 -0.018458042 -0.294759750 -2.417593241 0.006194382 0.999077916 -0.042485289 -0.280052781 0.295272142 0.038764298 0.954626441 13.009210587
0.953602672 -0.019728744 -0.300420910 -2.621688604 0.004917865 0.998738229 -0.049977094 -0.314228892 0.301027864 0.046180863 0.952496469 13.623851776
0.952194154 -0.020934857 -0.304775417 -2.824467897 0.003261698 0.998288989 -0.058381580 -0.347924054 0.305476159 0.054596514 0.950633228 14.243781090
0.951200485 -0.020162299 -0.307914138 -3.037405968 -0.000378616 0.997786045 -0.066504903 -0.395391554 0.308573306 0.063376077 0.949086905 14.843780518
0.949838638 -0.019535029 -0.312129676 -3.259003639 -0.004304015 0.997136176 -0.075504534 -0.442908227 0.312710762 0.073060535 0.947034419 15.485458374
0.948536158 -0.019592449 -0.316062212 -3.487292767 -0.006969605 0.996550798 -0.082691923 -0.491174370 0.316592187 0.080639109 0.945127904 16.128597260
0.946973324 -0.016895190 -0.320867747 -3.719050407 -0.012420925 0.995945334 -0.089098930 -0.553656816 0.321072072 0.088359781 0.942923784 16.768438339
0.945320666 -0.016174596 -0.325741082 -3.963785648 -0.015722319 0.995348275 -0.095050924 -0.618872046 0.325763226 0.094975010 0.940668941 17.447641373
0.943609774 -0.014124183 -0.330758303 -4.216113091 -0.020289408 0.994744182 -0.100360997 -0.693870902 0.330437422 0.101412512 0.938363791 18.117706299
0.941890240 -0.011251173 -0.335732371 -4.469813824 -0.024927067 0.994342506 -0.103255115 -0.766955376 0.334994704 0.105623811 0.936281025 18.798692703
0.940071523 -0.010329492 -0.340820909 -4.735903740 -0.027122770 0.994108558 -0.104940690 -0.841944516 0.339896947 0.107895762 0.934252977 19.504146576
0.937857270 -0.010117680 -0.346873790 -5.009943962 -0.027837161 0.994160175 -0.104262359 -0.919557750 0.345902979 0.107439198 0.932098687 20.204811096
0.935570896 -0.009769845 -0.353003770 -5.283904552 -0.028122853 0.994381130 -0.102055222 -1.012477160 0.352017343 0.105407365 0.930039287 20.915372849
0.933015108 -0.010339666 -0.359688729 -5.575111866 -0.027667265 0.994566679 -0.100357510 -1.091246486 0.358772069 0.103586674 0.927659631 21.639965057
0.929840028 -0.009365941 -0.367844760 -5.864658356 -0.028424317 0.994860649 -0.097181961 -1.177591681 0.366864473 0.100819416 0.924795032 22.362573624
0.926526904 -0.007634742 -0.376151085 -6.176884174 -0.028946983 0.995383799 -0.091504879 -1.253541946 0.375113308 0.095670164 0.922028840 23.104930878
0.922929287 -0.004046730 -0.384948283 -6.498033524 -0.031644236 0.995763361 -0.086336225 -1.334295154 0.383666784 0.091863625 0.918891132 23.854131699
0.919432580 0.000388427 -0.393247515 -6.833971500 -0.035606891 0.995974064 -0.082266942 -1.415166974 0.391632348 0.089641228 0.915744781 24.588035583
0.915481687 0.001082661 -0.402358174 -7.171559811 -0.036559846 0.996083558 -0.080504030 -1.487190247 0.400695205 0.088410117 0.911935866 25.345285416
0.911460698 0.001013437 -0.411385894 -7.527432442 -0.037359569 0.996068776 -0.080319546 -1.553217053 0.409687251 0.088577308 0.907915413 26.101182938
0.907590687 0.000690910 -0.419855595 -7.879077911 -0.037092689 0.996220410 -0.078542918 -1.631036639 0.418214440 0.086858392 0.904186010 26.856430054
0.903540730 0.001486156 -0.428499639 -8.252851486 -0.038052127 0.996321559 -0.076781765 -1.698795795 0.426809311 0.085680775 0.900273621 27.636514664
0.899767637 0.000360899 -0.436369240 -8.648746490 -0.036495112 0.996558487 -0.074426569 -1.774398446 0.434840590 0.082891963 0.896684229 28.429716110
0.895907760 0.000959328 -0.444239020 -9.038399696 -0.035911921 0.996881247 -0.070271701 -1.844929338 0.442786127 0.078910440 0.893148124 29.197212219
0.891960442 0.002749370 -0.452105075 -9.452502251 -0.035909299 0.997253180 -0.064781092 -1.906864285 0.450685114 0.074016951 0.889609158 30.007093430
0.888153255 0.003227551 -0.459536016 -9.868301392 -0.034819134 0.997573495 -0.060289092 -1.976545572 0.458226353 0.069546603 0.886110544 30.800848007
0.884355843 0.002092284 -0.466808736 -10.282297134 -0.033240445 0.997733772 -0.058501136 -2.035974741 0.465628445 0.067252755 0.882421255 31.592599869
0.880854070 0.000953037 -0.473386914 -10.728366852 -0.032049112 0.997823656 -0.057626497 -2.089164019 0.472301751 0.065932162 0.878967583 32.425033569
0.877739012 0.001976792 -0.479134977 -11.191477776 -0.032478411 0.997936964 -0.055380762 -2.152464390 0.478037000 0.064171396 0.875992417 33.258583069
0.875090361 0.000810218 -0.483958900 -11.670606613 -0.031014541 0.998036921 -0.054409374 -2.208831310 0.482964784 0.062622882 0.873397648 34.073211670
0.872725427 0.000049921 -0.488211364 -12.188937187 -0.030473778 0.998055577 -0.054372799 -2.271362066 0.487259358 0.062330168 0.871029973 34.931018829
0.870233536 -0.001458846 -0.492637217 -12.637449265 -0.029379804 0.998062015 -0.054854386 -2.329746485 0.491762519 0.062209710 0.868504226 35.772411346
0.868892491 -0.000873832 -0.495000094 -13.151639938 -0.030474795 0.998007059 -0.055255376 -2.388205528 0.494061887 0.063096009 0.867134213 36.641616821
0.868250549 -0.000931006 -0.496125102 -13.647826195 -0.029947408 0.998076439 -0.054282814 -2.450009823 0.495221287 0.061988745 0.866552532 37.517154694
0.868238330 -0.000972460 -0.496146381 -14.165391922 -0.029070694 0.998180330 -0.052829128 -2.506004333 0.495294929 0.060291592 0.866630197 38.393814087
0.867940843 -0.002054349 -0.496663362 -14.682362556 -0.027474115 0.998261690 -0.052141327 -2.574065685 0.495907128 0.058900971 0.866375685 39.278514862
0.867080331 -0.004139360 -0.498151124 -15.205841064 -0.025582859 0.998276055 -0.052824572 -2.636323452 0.497510999 0.058547281 0.865479648 40.193202972
0.865912795 -0.006923053 -0.500147104 -15.735465050 -0.022583691 0.998343408 -0.052918624 -2.701025963 0.499684900 0.057118084 0.864322007 41.111869812
0.864313126 -0.007613688 -0.502896547 -16.279825211 -0.021064403 0.998460114 -0.051319115 -2.759230852 0.502512932 0.054948997 0.862821817 42.038787842
0.862237692 -0.006947799 -0.506456196 -16.823816299 -0.019868203 0.998672426 -0.047525696 -2.816561222 0.506114066 0.051040821 0.860954940 42.948108673
0.859396338 -0.007113371 -0.511260509 -17.376396179 -0.017617026 0.998897612 -0.043511163 -2.875171661 0.511006415 0.046400223 0.858323634 43.868442535
0.855402708 -0.007480490 -0.517909527 -17.942899704 -0.016233962 0.999017298 -0.041242167 -2.943416119 0.517709136 0.043686386 0.854440629 44.787242889
0.850289583 -0.010493596 -0.526210487 -18.509675980 -0.014781167 0.998930752 -0.043804996 -2.999852657 0.526107490 0.045024939 0.849225342 45.682949066
0.844034731 -0.014638785 -0.536088705 -19.071445465 -0.012668211 0.998804212 -0.047219221 -3.054787874 0.536138892 0.046645947 0.842840016 46.587120056
0.837932289 -0.014308539 -0.545586586 -19.670858383 -0.013108791 0.998840213 -0.046328530 -3.118588448 0.545616746 0.045972154 0.836772919 47.497390747
0.832193434 -0.010999941 -0.554376364 -20.275640488 -0.014159230 0.999055624 -0.041078184 -3.177190542 0.554304659 0.042034537 0.831251740 48.385742188
0.827453971 -0.004770904 -0.561513245 -20.897493362 -0.018877627 0.999162316 -0.036307741 -3.243476868 0.561216116 0.040643025 0.826670825 49.262161255
0.822859168 -0.005980360 -0.568213820 -21.507225037 -0.019070772 0.999090672 -0.038132619 -3.285449743 0.567925215 0.042214055 0.821996927 50.149940491
0.819466591 -0.008592610 -0.573062539 -22.129718781 -0.019013651 0.998929620 -0.042167243 -3.346156597 0.572811484 0.045450658 0.818426132 51.034572601
0.816433012 -0.010545881 -0.577343881 -22.754959106 -0.022022611 0.998537123 -0.049382083 -3.401372433 0.577020049 0.053031784 0.815006435 51.898090363
0.812934220 -0.012055079 -0.582230687 -23.385803223 -0.021834023 0.998451829 -0.051158484 -3.461113214 0.581946015 0.054300923 0.811412454 52.782859802
0.809787691 -0.009811598 -0.586641014 -24.025892258 -0.021787696 0.998667657 -0.046778075 -3.530306816 0.586318374 0.050661866 0.808494985 53.644718170
0.806787550 -0.007444949 -0.590794742 -24.670459747 -0.021502847 0.998888195 -0.041951798 -3.585017920 0.590450227 0.046549957 0.805730522 54.503479004
0.803753853 -0.005723407 -0.594934464 -25.326328278 -0.021690924 0.999007046 -0.038915031 -3.642418861 0.594566464 0.044182785 0.802831650 55.385711670
0.800503492 -0.004744376 -0.599309325 -26.000188828 -0.023511641 0.998950303 -0.039312836 -3.699582815 0.598866761 0.045560807 0.799551666 56.278835297
0.796781361 -0.006565541 -0.604232013 -26.659856796 -0.022886597 0.998895586 -0.041033749 -3.753066301 0.603834152 0.046523742 0.795751154 57.145580292
0.792814851 -0.009004320 -0.609396040 -27.336328506 -0.022036111 0.998813570 -0.043426916 -3.818082809 0.609064043 0.047858223 0.791675806 58.011177063
0.788638651 -0.010425140 -0.614768624 -27.990468979 -0.021031411 0.998813748 -0.043917272 -3.871361732 0.614497185 0.047564309 0.787483931 58.837936401
0.784157753 -0.010392280 -0.620474517 -28.673496246 -0.020716380 0.998864055 -0.042911336 -3.931803465 0.620215654 0.046503246 0.783051729 59.687557220
0.779397130 -0.010028535 -0.626450002 -29.370456696 -0.021060573 0.998887479 -0.042193197 -3.989103317 0.626176178 0.046078652 0.778318822 60.542438507
0.773766994 -0.011235182 -0.633370697 -30.073999405 -0.021130163 0.998828530 -0.043531924 -4.043951035 0.633117855 0.047066789 0.772623181 61.400199890
0.768581867 -0.012492481 -0.639629543 -30.780986786 -0.020722235 0.998798549 -0.044407282 -4.103170872 0.639415860 0.047385182 0.767399549 62.234775543
0.762557983 -0.013699792 -0.646774769 -31.492927551 -0.019947622 0.998802423 -0.044674914 -4.171534538 0.646612227 0.046968833 0.761371493 63.083328247
0.757027805 -0.015615740 -0.653196037 -32.235034943 -0.018966109 0.998767912 -0.045858167 -4.235733986 0.653107345 0.047104493 0.755798936 63.932804108
0.751019537 -0.017335953 -0.660052419 -32.966003418 -0.018041151 0.998743236 -0.046759054 -4.296957970 0.660033524 0.047025070 0.749762893 64.753128052
0.744521141 -0.019452356 -0.667315423 -33.720741272 -0.015786409 0.998782933 -0.046727527 -4.363286495 0.667412221 0.045324147 0.743307948 65.599670410
0.738353968 -0.019289218 -0.674137533 -34.475502014 -0.015169296 0.998862982 -0.045194931 -4.425285816 0.674242854 0.043596048 0.737221837 66.416526794
0.731635928 -0.019890888 -0.681405306 -35.254947662 -0.014274644 0.998908043 -0.044486016 -4.483473778 0.681546092 0.042274386 0.730553031 67.253280640
0.724842906 -0.021939054 -0.688564718 -36.014259338 -0.012605113 0.998903096 -0.045096293 -4.547914028 0.688798845 0.041367166 0.723771334 68.067855835
0.718200088 -0.023998279 -0.695422769 -36.802959442 -0.012047001 0.998826444 -0.046909992 -4.609762192 0.695732415 0.042068519 0.717068136 68.887374878
0.711895585 -0.023484388 -0.701892614 -37.593189240 -0.013216043 0.998815775 -0.046823431 -4.670916080 0.702161014 0.042609632 0.710742116 69.694137573
0.706357062 -0.023008099 -0.707481682 -38.402984619 -0.013205869 0.998869300 -0.045669232 -4.735786438 0.707732499 0.041601695 0.705254555 70.505722046
0.701540709 -0.022614835 -0.712270439 -39.242736816 -0.014338283 0.998846054 -0.045835998 -4.804570198 0.712485075 0.042368554 0.700406909 71.312179565
0.696972132 -0.023556620 -0.716711223 -40.070560455 -0.014248870 0.998808026 -0.046684925 -4.873158455 0.716956615 0.042750414 0.695805728 72.097152710
0.690948844 -0.025778158 -0.722443879 -40.878311157 -0.014421389 0.998673618 -0.049427245 -4.936046600 0.722759783 0.044570342 0.689660668 72.896408081
0.686211586 -0.028267782 -0.726852536 -41.755344391 -0.013735071 0.998562932 -0.051801879 -5.008654118 0.727272332 0.045530424 0.684837222 73.700569153
0.680926442 -0.029028175 -0.731776297 -42.614074707 -0.014113628 0.998508453 -0.052741829 -5.073369980 0.732215822 0.046241324 0.679501057 74.494857788
0.676072359 -0.028181884 -0.736296117 -43.483692169 -0.013839350 0.998606384 -0.050929256 -5.150713921 0.736705244 0.044621721 0.674740195 75.279685974
0.670843720 -0.028102234 -0.741066098 -44.386245728 -0.013707094 0.998641193 -0.050278060 -5.226429939 0.741472065 0.043886583 0.669546962 76.089111328
0.665789485 -0.029491637 -0.745556533 -45.264106750 -0.012728608 0.998624206 -0.050868895 -5.294560432 0.746031046 0.043357875 0.664498150 76.867286682
0.661056519 -0.030161321 -0.749729693 -46.176994324 -0.012302504 0.998621762 -0.051021595 -5.366579533 0.750235319 0.042951711 0.659774363 77.659584045
0.656508088 -0.031103466 -0.753677487 -47.070808411 -0.011310127 0.998631299 -0.051064398 -5.433115959 0.754234195 0.042048376 0.655257702 78.440078735
0.652493358 -0.031919044 -0.757121921 -47.992004395 -0.010090354 0.998658001 -0.050797760 -5.508678913 0.757727265 0.040784832 0.651295662 79.222618103
0.648748636 -0.034836873 -0.760204971 -48.901519775 -0.007682299 0.998600960 -0.052317493 -5.578689575 0.760963976 0.039781027 0.647573411 79.988471985
0.644123375 -0.039557960 -0.763898075 -49.819843292 -0.004235755 0.998462141 -0.055276319 -5.656774998 0.764909923 0.038840454 0.642965198 80.771171570
0.639396429 -0.043873090 -0.767624617 -50.739715576 0.000133165 0.998376966 -0.056950685 -5.731133938 0.768877327 0.036311846 0.638364553 81.537063599
0.632787347 -0.047218978 -0.772884548 -51.673923492 0.004809641 0.998359382 -0.057056423 -5.812016487 0.774310708 0.032387283 0.631976247 82.303413391
0.623958468 -0.051289968 -0.779772520 -52.622509003 0.009871617 0.998281479 -0.057763442 -5.890634537 0.781395137 0.028344372 0.623392463 83.079147339
0.615150809 -0.051888522 -0.786700189 -53.586486816 0.012391601 0.998344958 -0.056158558 -5.974704266 0.788312137 0.024797508 0.614775658 83.822402954
0.606301427 -0.050249543 -0.793645799 -54.564170837 0.012547554 0.998481870 -0.053633071 -6.053906441 0.795135975 0.022559498 0.606011510 84.564727783
0.597159624 -0.050433144 -0.800535440 -55.548255920 0.012604113 0.998488188 -0.053501986 -6.137400627 0.802023470 0.021859188 0.596892476 85.297080994
0.588120341 -0.051614579 -0.807124794 -56.547241211 0.011461169 0.998393178 -0.055494640 -6.204765320 0.808692217 0.023386933 0.587766886 85.998840332
0.578296661 -0.053928949 -0.814042211 -57.556152344 0.012023763 0.998267829 -0.057591897 -6.284366131 0.815737963 0.023517353 0.577943325 86.712615967
0.568499029 -0.055383652 -0.820817649 -58.583557129 0.012360786 0.998193800 -0.058790803 -6.369010925 0.822591126 0.023276564 0.568156779 87.407035828
0.558304667 -0.056271344 -0.827725530 -59.626716614 0.015316838 0.998226225 -0.057531238 -6.453047276 0.829494655 0.019441826 0.558176219 88.114288330
0.548083544 -0.056108899 -0.834539533 -60.642761230 0.016343294 0.998275399 -0.056383956 -6.535561562 0.836263955 0.017263999 0.548055291 88.775436401
0.537485600 -0.056707967 -0.841364026 -61.695968628 0.016857255 0.998259485 -0.056513868 -6.622998238 0.843104422 0.016192306 0.537506104 89.458549500
0.528018951 -0.057871170 -0.847258508 -62.776248932 0.016065864 0.998177588 -0.058167167 -6.703724384 0.849080622 0.017101428 0.527986407 90.103195190
0.517102838 -0.058284886 -0.853936493 -63.852073669 0.015000436 0.998142660 -0.059044048 -6.791950226 0.855791867 0.017722430 0.517016768 90.770065308
0.507026792 -0.059821896 -0.859851897 -64.946350098 0.014200912 0.998032987 -0.061061665 -6.872554779 0.861813366 0.018749222 0.506878972 91.413574219
0.497137129 -0.059846189 -0.865605652 -66.033004761 0.013172808 0.998024106 -0.061435886 -6.960049629 0.867572010 0.019139610 0.496943176 92.036666870
0.488762617 -0.056968015 -0.870554864 -67.160781860 0.011772588 0.998205543 -0.058711737 -7.059243679 0.872337401 0.018447416 0.488556206 92.663352966
0.480488181 -0.055526201 -0.875241637 -68.275291443 0.012217184 0.998320639 -0.056627490 -7.144051552 0.876916111 0.016515849 0.480359614 93.278656006
0.472602606 -0.055517484 -0.879525244 -69.398086548 0.012073233 0.998327971 -0.056529149 -7.233287811 0.881192982 0.016097115 0.472482681 93.878471375
0.465408444 -0.058759708 -0.883143425 -70.510887146 0.014478697 0.998165786 -0.058782555 -7.322492599 0.884977579 0.014571134 0.465405524 94.457572937
0.458483279 -0.061786462 -0.886552691 -71.650573730 0.017101899 0.998008907 -0.060709886 -7.415051460 0.888538539 0.012672742 0.458627105 95.043960571
0.452274978 -0.064807437 -0.889520884 -72.775573730 0.018296946 0.997820795 -0.063394755 -7.508247375 0.891690850 0.012396352 0.452475190 95.613365173
0.446473002 -0.068565555 -0.892166317 -73.919502258 0.020229233 0.997578442 -0.066543326 -7.602796078 0.894568503 0.011661964 0.446778834 96.192039490
0.441645086 -0.069100097 -0.894524992 -75.058647156 0.023266938 0.997576475 -0.065573245 -7.712048531 0.896888196 0.008147253 0.442182481 96.754798889
0.437763751 -0.066308640 -0.896641612 -76.223693848 0.024151081 0.997784078 -0.061997168 -7.813789368 0.898765683 0.005485255 0.438395143 97.327590942
0.433533549 -0.064243123 -0.898844600 -77.364898682 0.027276235 0.997934043 -0.058169391 -7.910773754 0.900724649 0.000701298 0.434390187 97.884460449
0.430781901 -0.063699670 -0.900205195 -78.511276245 0.029012486 0.997967720 -0.056733906 -8.006312370 0.901989639 -0.001677247 0.431754529 98.425979614
0.427503586 -0.063108519 -0.901808143 -79.679748535 0.029866643 0.998001754 -0.055681817 -8.097853661 0.903520107 -0.003129801 0.428534210 98.979255676
0.425173938 -0.062262055 -0.902967632 -80.810989380 0.031459603 0.998044968 -0.054004733 -8.183736801 0.904564738 -0.005445603 0.426301420 99.518493652
0.423014879 -0.061800897 -0.904012799 -81.957756042 0.034053128 0.998050928 -0.052295126 -8.262243271 0.905482650 -0.008662842 0.424294889 100.042121887
0.421021461 -0.063664280 -0.904813707 -83.172668457 0.037060745 0.997908175 -0.052969724 -8.335951805 0.906293273 -0.011231675 0.422500193 100.563247681
0.419660747 -0.064502329 -0.905386329 -84.309341431 0.039293364 0.997827768 -0.052875038 -8.410054207 0.906830192 -0.013386091 0.421283662 101.070251465
0.416403234 -0.063043505 -0.906991661 -85.410896301 0.042239528 0.997857273 -0.049967103 -8.501351357 0.908198297 -0.017504439 0.418173909 101.604110718
0.414307356 -0.062589735 -0.907982349 -86.517257690 0.044133890 0.997840583 -0.048645861 -8.574378967 0.909066319 -0.019918457 0.416175008 102.111022949
0.412479758 -0.064057425 -0.908711791 -87.625320435 0.046864249 0.997695863 -0.049057662 -8.655261993 0.909760535 -0.022350805 0.414531350 102.611381531
0.411592364 -0.064861380 -0.909057140 -88.720275879 0.047743987 0.997629166 -0.049564037 -8.736446381 0.910116673 -0.023001822 0.413713276 103.098030090
0.411004543 -0.065951303 -0.909244657 -89.792953491 0.047952112 0.997563004 -0.050681673 -8.817390442 0.910371363 -0.022769786 0.413165450 103.583351135
0.410566449 -0.067654334 -0.909317434 -90.821586609 0.048465248 0.997453153 -0.052329171 -8.888513565 0.910541773 -0.022585686 0.412799656 104.062614441
0.412723899 -0.067618780 -0.908342838 -91.860618591 0.046836089 0.997496903 -0.052974652 -8.965549469 0.909651279 -0.020679314 0.414857805 104.537315369
0.417667031 -0.067330003 -0.906102061 -92.901702881 0.044126555 0.997576952 -0.053787157 -9.048336029 0.907528043 -0.017518045 0.419625998 104.999145508
0.422821045 -0.067850113 -0.903669596 -93.938629150 0.042342562 0.997583210 -0.055089612 -9.130352020 0.905223429 -0.014970643 0.424672127 105.473045349
0.428880215 -0.068107381 -0.900790334 -94.956802368 0.041846290 0.997581303 -0.055501934 -9.205837250 0.902391672 -0.013891045 0.430692911 105.949371338
0.435359538 -0.067447774 -0.897726536 -95.979217529 0.041026063 0.997639954 -0.055058531 -9.279053688 0.899321437 -0.012859926 0.437099159 106.443206787
0.443794668 -0.064724170 -0.893788099 -96.971267700 0.038785018 0.997840941 -0.053001206 -9.371641159 0.895288825 -0.011143935 0.445346832 106.930374146
0.452759922 -0.064538524 -0.889293671 -97.958679199 0.038442347 0.997862458 -0.052845780 -9.442898750 0.890803397 -0.010260078 0.454273164 107.426742554
0.462260902 -0.063869342 -0.884440899 -98.958137512 0.037715845 0.997916281 -0.052351378 -9.520151138 0.885941565 -0.009157434 0.463706553 107.937438965
0.472045481 -0.064505994 -0.879211009 -99.899162292 0.036477283 0.997894466 -0.053629030 -9.594977379 0.880819201 -0.006755892 0.473404527 108.450225830
0.482358277 -0.066301376 -0.873461366 -100.864395142 0.034934130 0.997794211 -0.056447111 -9.665973663 0.875277221 -0.003285871 0.483610511 108.976661682
0.494268239 -0.067578621 -0.866678774 -101.824958801 0.033868760 0.997713864 -0.058480579 -9.739703178 0.868649423 -0.000448240 0.495427072 109.513641357
0.506124437 -0.064450346 -0.860049009 -102.761222839 0.030663913 0.997918189 -0.056736790 -9.832282066 0.861915231 0.002343412 0.507047057 110.068084717
0.519764066 -0.062895037 -0.851991534 -103.723945618 0.029749924 0.998013973 -0.055525415 -9.899785995 0.853791714 0.003513437 0.520602942 110.619926453
0.531909347 -0.060573276 -0.844632149 -104.640640259 0.029284621 0.998157501 -0.053141370 -9.977090836 0.846294880 0.003531669 0.532703161 111.197402954
0.544191837 -0.060148183 -0.836802006 -105.549499512 0.029174868 0.998180151 -0.052774735 -10.048536301 0.838453472 0.004305995 0.544956326 111.772430420
0.556150317 -0.060299646 -0.828891337 -106.441841125 0.029469555 0.998167992 -0.052841280 -10.130001068 0.830559075 0.004960637 0.556908429 112.364448547
0.567617178 -0.061733797 -0.820974767 -107.318374634 0.029423432 0.998068810 -0.054707319 -10.195770264 0.822766602 0.006896916 0.568337440 112.956130981
0.577445626 -0.063587099 -0.813949168 -108.168350220 0.032336406 0.997961402 -0.055021808 -10.273401260 0.815788507 0.005451910 0.578324556 113.582496643
0.589340091 -0.062975667 -0.805426776 -109.022026062 0.032693956 0.997999609 -0.054110229 -10.357679367 0.807223260 0.005556736 0.590220094 114.198654175
0.600180984 -0.060774751 -0.797552049 -109.857055664 0.031803165 0.998133957 -0.052126616 -10.427945137 0.799231708 0.005920729 0.600993872 114.816383362
0.609877110 -0.057827972 -0.790383399 -110.663192749 0.031687438 0.998315990 -0.048590533 -10.492940903 0.791862309 0.004589037 0.610682547 115.436874390
0.619804382 -0.056555063 -0.782715797 -111.465347290 0.031400125 0.998388290 -0.047273833 -10.566951752 0.784127891 0.004723154 0.620581269 116.071121216
0.630039871 -0.056403339 -0.774511814 -112.250656128 0.029846063 0.998380661 -0.048427664 -10.629568100 0.775989056 0.007395236 0.630703092 116.699851990
0.639395475 -0.055907059 -0.766842842 -113.014915466 0.027817266 0.998382032 -0.049593437 -10.692106247 0.768374741 0.010378351 0.639916062 117.342681885
0.648863316 -0.055169601 -0.758902311 -113.794853210 0.027753074 0.998420358 -0.048852801 -10.762008667 0.760398686 0.010636921 0.649369478 117.977661133
0.658138812 -0.053156946 -0.751017749 -114.548294067 0.027146682 0.998531282 -0.046886493 -10.822130203 0.752407074 0.010470183 0.658615232 118.627700806
0.666722298 -0.051120706 -0.743551016 -115.285659790 0.027315540 0.998650670 -0.044166237 -10.891987801 0.744805574 0.009136119 0.667219043 119.287986755
0.675075233 -0.050433740 -0.736023009 -116.010910034 0.027643537 0.998689234 -0.043077681 -10.955465317 0.737230778 0.008734399 0.675584555 119.946899414
0.682936072 -0.049692530 -0.728785932 -116.716156006 0.026526429 0.998712480 -0.043239985 -11.011268616 0.729996324 0.010198058 0.683375001 120.597221375
0.690136909 -0.048613947 -0.722044170 -117.408645630 0.026165878 0.998764992 -0.042235468 -11.071262360 0.723205686 0.010255336 0.690556586 121.264282227
0.697691441 -0.045916986 -0.714925349 -118.089942932 0.024986790 0.998896360 -0.039770924 -11.120249748 0.715962470 0.009884141 0.698068738 121.912971497
0.704968810 -0.043164797 -0.707923651 -118.754676819 0.023831805 0.999024272 -0.037181981 -11.170777321 0.708837867 0.009341041 0.705309629 122.577163696
0.712614059 -0.041331436 -0.700337768 -119.403457642 0.022618778 0.999097645 -0.035947915 -11.221652985 0.701191604 0.009776207 0.712905884 123.231094360
0.719915330 -0.040994205 -0.692850173 -120.033988953 0.022672908 0.999110460 -0.035556264 -11.273837090 0.693691492 0.009888570 0.720204353 123.882415771
0.727973342 -0.038139842 -0.684543788 -120.656677246 0.020074351 0.999209166 -0.034323718 -11.318097115 0.685311556 0.011244982 0.728163242 124.536209106
0.736880064 -0.035217393 -0.675105572 -121.254417419 0.019300433 0.999330997 -0.031064367 -11.367019653 0.675747931 0.009860882 0.737066805 125.189147949
0.746500492 -0.031191099 -0.664653420 -121.841232300 0.017230535 0.999471903 -0.027551237 -11.408649445 0.665161729 0.009114677 0.746643662 125.837265015
0.756448388 -0.029183023 -0.653402030 -122.414489746 0.015472119 0.999522984 -0.026729705 -11.449413300 0.653870404 0.010110126 0.756538987 126.497955322
0.766328394 -0.028251735 -0.641827583 -122.963371277 0.013882386 0.999527574 -0.027421571 -11.487535477 0.642299056 0.012103832 0.766358554 127.156921387
0.776330233 -0.029270582 -0.629646420 -123.504180908 0.013976026 0.999474943 -0.029231014 -11.524751663 0.630171478 0.013892967 0.776331782 127.817222595
0.786427259 -0.028496021 -0.617025256 -124.044128418 0.013741159 0.999495149 -0.028645854 -11.560936928 0.617530048 0.014049240 0.786421835 128.495300293
0.796652138 -0.026658975 -0.603849888 -124.562881470 0.013134665 0.999554515 -0.026800273 -11.598833084 0.604295373 0.013419131 0.796647429 129.179428101
0.806859970 -0.024599167 -0.590230346 -125.060638428 0.013010419 0.999630272 -0.023876246 -11.629961967 0.590599477 0.011585644 0.806881666 129.856506348
0.816520572 -0.023162859 -0.576851428 -125.562545776 0.013282210 0.999684036 -0.021340575 -11.668888092 0.577163517 0.009763157 0.816570222 130.552688599
0.825659394 -0.021892272 -0.563744009 -126.040779114 0.014079471 0.999735177 -0.018202638 -11.699970245 0.563993216 0.007091961 0.825748980 131.257293701
0.833833456 -0.020953685 -0.551618218 -126.501945496 0.014453611 0.999765456 -0.016128667 -11.727987289 0.551826835 0.005475746 0.833940744 131.949905396
0.841161847 -0.021643728 -0.540350139 -126.971000671 0.016342763 0.999759793 -0.014604641 -11.751252174 0.540536463 0.003454053 0.841313481 132.671295166
0.847698450 -0.020974547 -0.530063570 -127.409042358 0.015973417 0.999774158 -0.014015620 -11.776274681 0.530237854 0.003414094 0.847842097 133.386352539
0.854544103 -0.020280940 -0.518982708 -127.852340698 0.015231707 0.999786139 -0.013989748 -11.801332474 0.519155443 0.004049863 0.854670227 134.100158691
0.861305416 -0.018172475 -0.507762551 -128.286422729 0.013499263 0.999825835 -0.012884610 -11.821502686 0.507908285 0.004243167 0.861400723 134.825164795
0.867522240 -0.017199988 -0.497100919 -128.717773438 0.012629758 0.999841452 -0.012554119 -11.843079567 0.497238040 0.004612714 0.867601931 135.582366943
0.873452842 -0.017826546 -0.486582279 -129.142089844 0.013443745 0.999831498 -0.012497507 -11.868440628 0.486723095 0.004374496 0.873545349 136.325836182
0.878552556 -0.019103097 -0.477263540 -129.551727295 0.014429560 0.999805331 -0.013456404 -11.890623093 0.477427691 0.004935458 0.878657222 137.082229614
0.882917464 -0.019372880 -0.469128430 -129.957595825 0.014616985 0.999798238 -0.013777422 -11.913068771 0.469300687 0.005307083 0.883022487 137.850646973
0.886387289 -0.018919284 -0.462557703 -130.360519409 0.014506147 0.999809027 -0.013095892 -11.930358887 0.462717116 0.004898102 0.886492491 138.624588013
0.889742017 -0.016910976 -0.456150293 -130.770736694 0.014041844 0.999854565 -0.009678600 -11.946165085 0.456247628 0.002206266 0.889850140 139.408447266
0.892707646 -0.013147910 -0.450444400 -131.175918579 0.011922689 0.999913454 -0.005557394 -11.964015007 0.450478494 -0.000409381 0.892787158 140.212463379
0.896145642 -0.010522210 -0.443635285 -131.583023071 0.010436736 0.999942064 -0.002634516 -11.978731155 0.443637311 -0.002269193 0.896203578 141.018646240
0.899394393 -0.007828993 -0.437068045 -131.988952637 0.008496129 0.999963820 -0.000428627 -11.989706993 0.437055588 -0.003327882 0.899428368 141.846237183
0.902649581 -0.006390342 -0.430328786 -132.394378662 0.007893699 0.999967396 0.001708253 -11.994499207 0.430303842 -0.004938839 0.902670622 142.688507080
0.906009912 -0.004918302 -0.423227906 -132.804168701 0.007519162 0.999961734 0.004475891 -11.996224403 0.423189700 -0.007237521 0.906012237 143.546905518
0.909345925 -0.004907624 -0.416011840 -133.197143555 0.008430916 0.999942482 0.006632689 -12.007406235 0.415955365 -0.009538770 0.909335017 144.419586182
0.913038671 -0.005107526 -0.407840967 -133.593902588 0.009129947 0.999926984 0.007916913 -12.012315750 0.407770753 -0.010952014 0.913018644 145.294830322
0.916540325 -0.005642304 -0.399902493 -133.981689453 0.009580709 0.999923289 0.007850001 -12.010674477 0.399827540 -0.011026192 0.916524053 146.197692871
0.920383632 -0.008671908 -0.390920401 -134.373565674 0.012469110 0.999896526 0.007176281 -12.011896133 0.390817702 -0.011479361 0.920396507 147.121444702
0.924520135 -0.010183163 -0.380997121 -134.761978149 0.013540429 0.999889493 0.006132231 -12.012152672 0.380892575 -0.010828235 0.924555898 148.048049927
0.929032803 -0.011305412 -0.369824678 -135.142761230 0.013761933 0.999897301 0.004004699 -12.016749382 0.369741440 -0.008809999 0.929092944 148.994064331
0.934126437 -0.009168727 -0.356824517 -135.518493652 0.011063011 0.999933481 0.003268089 -12.020105362 0.356770813 -0.007000362 0.934165716 149.963989258
0.940187335 -0.005641088 -0.340611219 -135.880310059 0.007678069 0.999959767 0.004632736 -12.023145676 0.340571374 -0.006970876 0.940192819 150.945159912
0.946746588 -0.001665350 -0.321975321 -136.228546143 0.004398908 0.999960184 0.007762604 -12.028893471 0.321949571 -0.008765560 0.946716249 151.941131592
0.953370929 0.001276272 -0.301798403 -136.564285278 0.001683975 0.999952972 0.009548310 -12.025835037 0.301796407 -0.009611302 0.953323960 152.956954956
0.959760368 0.003301851 -0.280800819 -136.877319336 -0.000388786 0.999945521 0.010429205 -12.031335831 0.280819982 -0.009900367 0.959709406 154.008071899
0.965784431 0.004303274 -0.259310573 -137.169479370 -0.001219965 0.999926627 0.012050165 -12.026364326 0.259343415 -0.011321511 0.965718806 155.065399170
0.971333444 0.005523208 -0.237656891 -137.440383911 -0.002043169 0.999887109 0.014886951 -12.023550034 0.237712294 -0.013974621 0.971235096 156.143493652
0.976432860 0.008476092 -0.215654954 -137.690246582 -0.004535094 0.999813676 0.018762833 -12.019993782 0.215773806 -0.017342631 0.976289332 157.228927612
0.981112599 0.010204245 -0.193168119 -137.917938232 -0.005892360 0.999720752 0.022883320 -12.013083458 0.193347678 -0.021312898 0.980898798 158.339340210
0.985213637 0.012320415 -0.170886859 -138.115295410 -0.007971555 0.999627233 0.026111649 -11.998610497 0.171144858 -0.024363320 0.984944582 159.460479736
0.988849103 0.014205717 -0.148241937 -138.306274414 -0.010433325 0.999602437 0.026194241 -11.985224724 0.148555115 -0.024355495 0.988604188 160.613143921
0.991892695 0.013339833 -0.126376361 -138.458023071 -0.010361957 0.999653637 0.024191735 -11.965053558 0.126655295 -0.022686098 0.991687357 161.770889282
0.994352877 0.013647489 -0.105243117 -138.599304199 -0.011271269 0.999668717 0.023140227 -11.944240570 0.105524056 -0.021823328 0.994177282 162.949172974
0.996323168 0.012511596 -0.084756039 -138.705322266 -0.010411258 0.999628782 0.025177840 -11.926360130 0.085039586 -0.024202848 0.996083558 164.136199951
0.997822165 0.013102858 -0.064646848 -138.798950195 -0.011378898 0.999571621 0.026963869 -11.912079811 0.064972460 -0.026169537 0.997543871 165.343917847
0.998928726 0.013946401 -0.044123359 -138.867935181 -0.012720297 0.999528468 0.027947882 -11.891667366 0.044492323 -0.027356680 0.998635113 166.564849854
0.999597967 0.015399624 -0.023807278 -138.912490845 -0.014719478 0.999485850 0.028484827 -11.865932465 0.024233691 -0.028122945 0.999310672 167.809280396
0.999865711 0.016089860 -0.003111317 -138.926193237 -0.015992440 0.999447286 0.029143689 -11.843603134 0.003578515 -0.029090017 0.999570370 169.048843384
0.999684334 0.017994074 0.017535644 -138.921524048 -0.018494288 0.999414265 0.028793570 -11.824304581 -0.017007260 -0.029108789 0.999431551 170.300018311
0.999116182 0.019197004 0.037393704 -138.882034302 -0.020230096 0.999418497 0.027447816 -11.800100327 -0.036845043 -0.028180035 0.998923600 171.566558838
0.998171508 0.019370487 0.057257149 -138.824768066 -0.020833071 0.999468863 0.025058512 -11.779555321 -0.056741346 -0.026205536 0.998044908 172.851089478
0.996856451 0.021431467 0.076275378 -138.742965698 -0.023213031 0.999476254 0.022547480 -11.764875412 -0.075752206 -0.024247183 0.996831834 174.136840820
0.995196044 0.021659551 0.095476359 -138.635025024 -0.023756262 0.999499738 0.020878688 -11.754323006 -0.094976373 -0.023046549 0.995212734 175.432174683
0.993185580 0.021936152 0.114460520 -138.492477417 -0.024122389 0.999551415 0.017750202 -11.740031242 -0.114019804 -0.020390306 0.993269205 176.760574341
0.990827739 0.023196777 0.133124992 -138.327484131 -0.025075907 0.999607921 0.012456130 -11.732954025 -0.132783860 -0.015680110 0.991020977 178.076599121
0.988216400 0.024844514 0.151033551 -138.139343262 -0.026017193 0.999644697 0.005792936 -11.732768059 -0.150835961 -0.009654143 0.988511682 179.399520874
0.985348403 0.026947649 0.168411314 -137.923263550 -0.027464706 0.999622524 0.000741210 -11.738263130 -0.168327764 -0.005355717 0.985716522 180.740386963
0.982188880 0.029248931 0.185605675 -137.681396484 -0.029117957 0.999570072 -0.003432120 -11.752943039 -0.185626268 -0.002033468 0.982618332 182.078918457
0.978498101 0.031416722 0.203848958 -137.423461914 -0.030766387 0.999506354 -0.006359424 -11.771777153 -0.203948125 -0.000049011 0.978981674 183.455108643
0.974722624 0.030844318 0.221279025 -137.126525879 -0.030250130 0.999523878 -0.006074442 -11.798392296 -0.221361041 -0.000772823 0.975191593 184.816482544
0.970753372 0.030070355 0.238188311 -136.803039551 -0.029250182 0.999547780 -0.006977850 -11.818648338 -0.238290429 -0.000193280 0.971193910 186.178344727
0.966390371 0.030346718 0.255281568 -136.459274292 -0.028280212 0.999530852 -0.011762521 -11.851137161 -0.255518734 0.004147771 0.966795206 187.546386719
0.961940289 0.031534567 0.271434069 -136.089691162 -0.028216587 0.999471843 -0.016118985 -11.878443718 -0.271798998 0.007846558 0.962322056 188.895111084
0.957039773 0.033543281 0.288009852 -135.689132690 -0.030142410 0.999413729 -0.016236005 -11.916180611 -0.288385630 0.006857193 0.957489789 190.273620605
0.951533079 0.035701141 0.305467159 -135.260971069 -0.032036707 0.999342084 -0.017002363 -11.953401566 -0.305873185 0.006392150 0.952050805 191.659057617
0.945553005 0.039642341 0.323044866 -134.814132690 -0.035079300 0.999185622 -0.019937549 -11.996538162 -0.323572159 0.007519822 0.946173608 193.039382935
0.939394116 0.040418524 0.340448260 -134.333801270 -0.034300506 0.999123991 -0.023972580 -12.043461800 -0.341118962 0.010842154 0.939957619 194.414428711
0.932927489 0.041601226 0.357652992 -133.832015991 -0.034475427 0.999059975 -0.026279790 -12.093559265 -0.358410060 0.012186901 0.933484733 195.779739380
0.926049709 0.042248994 0.375029325 -133.291778564 -0.032858670 0.998966575 -0.031401742 -12.162261963 -0.375968456 0.016756609 0.926480949 197.178161621
0.917966604 0.045644902 0.394022703 -132.721343994 -0.033602532 0.998734832 -0.037411936 -12.226256371 -0.395231843 0.021102747 0.918338954 198.561569214
0.908424139 0.049267974 0.415136427 -132.129898071 -0.035383042 0.998529255 -0.041077353 -12.296772003 -0.416549653 0.022626873 0.908831358 199.921218872
0.897118449 0.052017108 0.438717157 -131.505706787 -0.037163325 0.998409986 -0.042383790 -12.373319626 -0.440224260 0.021719093 0.897625148 201.270080566
