1.000000000 0.000000000 0.000000000 0.000000000 0.000000000 1.000000000 0.000000000 0.000000000 0.000000000 0.000000000 1.000000000 0.000000000
0.999979079 0.000428378 -0.006456567 -0.008083683 -0.000425910 0.999999821 0.000383714 -0.001001916 0.006456730 -0.000380956 0.999979079 0.091762036
0.999905467 0.000962980 -0.013714591 -0.015183038 -0.000960625 0.999999523 0.000178317 -0.001672026 0.013714756 -0.000165126 0.999905944 0.188931167
0.999773204 0.001361170 -0.021253893 -0.027494283 -0.001371901 0.999998927 -0.000490339 -0.001830355 0.021253202 0.000519386 0.999773979 0.286799669
0.999541700 0.001811179 -0.030218005 -0.044571370 -0.001868995 0.999996483 -0.001885162 -0.003171958 0.030214485 0.001940775 0.999541581 0.389352143
0.999125302 0.001979012 -0.041770354 -0.061346397 -0.002121474 0.999992073 -0.003366553 -0.005108049 0.041763362 0.003452223 0.999121547 0.502958000
0.998479486 0.001830945 -0.055093780 -0.086366504 -0.002057111 0.999989688 -0.004048687 -0.007152086 0.055085797 0.004155865 0.998472989 0.626778245
0.997424006 0.001869760 -0.071706593 -0.110092506 -0.002189953 0.999987960 -0.004386963 -0.004149362 0.071697526 0.004532697 0.997416139 0.765890718
0.995919228 0.000610001 -0.090246797 -0.140065730 -0.001001863 0.999990284 -0.004296880 -0.006420414 0.090243302 0.004369761 0.995910168 0.914915740
0.993921995 -0.000320940 -0.110086128 -0.181206360 -0.000153635 0.999990761 -0.004302439 -0.010232178 0.110086486 0.004293202 0.993912756 1.075251102
0.991245747 -0.000797874 -0.132027447 -0.228316888 0.000172111 0.999988675 -0.004750982 -0.013031898 0.132029742 0.004686667 0.991234660 1.238411665
0.987718582 0.002679628 -0.156220615 -0.277869016 -0.003727076 0.999972522 -0.006412393 -0.012720770 0.156199142 0.006915886 0.987701356 1.404210091
0.983355343 0.006761052 -0.181566820 -0.344060242 -0.008372657 0.999932051 -0.008111088 -0.015184021 0.181499645 0.009496278 0.983345151 1.579939127
0.977959454 0.009886877 -0.208560809 -0.417580396 -0.012009863 0.999888122 -0.008915329 -0.022552269 0.208449334 0.011223617 0.977968752 1.761471868
0.971272409 0.010433726 -0.237741664 -0.498302191 -0.013012356 0.999872267 -0.009279605 -0.022290122 0.237614483 0.012106603 0.971284091 1.948198915
0.963226020 0.012371668 -0.268407494 -0.584534168 -0.015285251 0.999844730 -0.008768030 -0.025856318 0.268257320 0.012548270 0.963265538 2.137722254
0.953738749 0.014076886 -0.300306857 -0.676656604 -0.017181547 0.999822736 -0.007699844 -0.029947076 0.300145239 0.012503376 0.953811586 2.322911978
0.942547381 0.016348388 -0.333672196 -0.773372710 -0.019663218 0.999785125 -0.006559253 -0.031855110 0.333493263 0.012743476 0.942666352 2.501154184
0.929985881 0.018578732 -0.367125452 -0.881581366 -0.022297457 0.999734044 -0.005890436 -0.036400139 0.366918355 0.013663984 0.930152774 2.686504602
0.916106999 0.021153450 -0.400375485 -1.002288580 -0.025534928 0.999658167 -0.005611001 -0.032047935 0.400119931 0.015363836 0.916334033 2.870767832
0.900031328 0.021489304 -0.435295135 -1.123096466 -0.026256423 0.999643028 -0.004939110 -0.031933691 0.435033619 0.015874647 0.900274277 3.052969933
0.881535351 0.016839063 -0.471817672 -1.253825068 -0.022108875 0.999739707 -0.005627335 -0.031486593 0.471600115 0.015392052 0.881678224 3.243770599
0.860331535 0.012647038 -0.509577990 -1.386689782 -0.018040221 0.999821305 -0.005643479 -0.041012816 0.509415567 0.014048161 0.860405982 3.412984371
0.835606635 0.014404289 -0.549139440 -1.540378332 -0.018734572 0.999821901 -0.002281767 -0.047251295 0.549008727 0.012194552 0.835727632 3.573607683
0.806409895 0.020012094 -0.591018319 -1.723577023 -0.023595333 0.999720216 0.001656435 -0.052645952 0.590886116 0.012609506 0.806656480 3.748083591
0.773693085 0.022991078 -0.633143365 -1.922434330 -0.026795216 0.999634624 0.003555914 -0.054529779 0.632993758 0.014214027 0.774026394 3.923285484
0.737439692 0.021680331 -0.675064981 -2.131685972 -0.025774544 0.999659956 0.003948934 -0.053512111 0.674921095 0.014487390 0.737747788 4.092713356
0.697473168 0.017831761 -0.716389000 -2.352033854 -0.020332344 0.999780297 0.005090222 -0.050858717 0.716322362 0.011015574 0.697682500 4.265758038
0.655767798 0.014266957 -0.754827857 -2.594372272 -0.014757493 0.999872625 0.006077745 -0.056310400 0.754818439 0.007153776 0.655894816 4.409472466
0.611054778 0.013650994 -0.791470706 -2.855206490 -0.012051615 0.999895871 0.007941389 -0.054138198 0.791496634 0.004685875 0.611155629 4.555738449
0.562418222 0.014219522 -0.826730728 -3.131590843 -0.009816179 0.999896467 0.010520056 -0.050191011 0.826794744 0.002198664 0.562499583 4.699295998
0.511532068 0.015056935 -0.859132230 -3.427482843 -0.008169512 0.999886513 0.012659586 -0.049476460 0.859225333 0.000542906 0.511597037 4.823453903
0.459691525 0.016138183 -0.887932003 -3.730108261 -0.008201661 0.999869406 0.013926564 -0.036954116 0.888040781 0.000880594 0.459763825 4.914267540
0.405152380 0.018273897 -0.914066553 -4.062293053 -0.006897744 0.999832869 0.016931159 -0.033516526 0.914223135 -0.000554703 0.405210674 5.007964611
0.349198341 0.020369902 -0.936827421 -4.417865753 -0.006731966 0.999792457 0.019229671 -0.027264327 0.937024713 -0.000408280 0.349263012 5.099049091
0.293542981 0.023855051 -0.955648303 -4.792901993 -0.004848444 0.999712884 0.023465723 -0.024736151 0.955933690 -0.002254795 0.293574393 5.176787376
0.240100682 0.025329480 -0.970417440 -5.176058769 -0.000061686 0.999659896 0.026077494 -0.022628523 0.970748007 -0.006201362 0.240020573 5.238298416
0.189634204 0.025670359 -0.981519282 -5.515130997 0.003638913 0.999632955 0.026847156 -0.021919213 0.981848180 -0.008662805 0.189471185 5.262956142
0.142012954 0.026841344 -0.989500880 -5.930333138 0.001232005 0.999626696 0.027292838 -0.015987143 0.989864111 -0.005095007 0.141926885 5.278630257
0.100103140 0.026856281 -0.994614542 -6.356895447 -0.001350138 0.999638379 0.026856048 -0.000292405 0.994976103 -0.001345506 0.100103199 5.278743267
0.061978161 0.025615171 -0.997748792 -6.806104183 -0.001696740 0.999671876 0.025559146 0.005026698 0.998076081 0.000108809 0.062001288 5.278678894
0.027478397 0.022671992 -0.999365389 -7.275684834 -0.001822558 0.999742210 0.022630433 0.014029190 0.999620855 0.001199551 0.027512610 5.268455982
-0.003879547 0.019913569 -0.999794126 -7.732548714 -0.000805875 0.999801338 0.019916838 0.020230263 0.999992132 0.000882978 -0.003862739 5.241866112
-0.030598283 0.018212173 -0.999365926 -8.220275879 -0.001187234 0.999832630 0.018257031 0.024035968 0.999531150 0.001745115 -0.030571580 5.206121445
-0.051185489 0.015612597 -0.998567283 -8.731142044 -0.002405992 0.999872983 0.015756341 0.036320254 0.998686433 0.003209037 -0.051141381 5.155937195
-0.067338109 0.014826612 -0.997620046 -9.253544807 -0.002293896 0.999884665 0.015015104 0.044795945 0.997727573 0.003299526 -0.067296386 5.105400085
-0.080416799 0.015021740 -0.996648133 -9.800281525 -0.000965794 0.999884784 0.015148452 0.058185667 0.996760905 0.002180746 -0.080393076 5.052392006
-0.089964867 0.016159842 -0.995813906 -10.353910446 -0.001460287 0.999865115 0.016357511 0.064070709 0.995943964 0.002925775 -0.089929104 4.991406441
-0.096884847 0.017531134 -0.995141208 -10.919048309 -0.003095711 0.999834716 0.017915210 0.063293755 0.995290816 0.004816383 -0.096814513 4.930402756
-0.101375937 0.018519009 -0.994675815 -11.515340805 -0.003434598 0.999814272 0.018964726 0.068719693 0.994842291 0.005338879 -0.101293445 4.863253593
-0.102709889 0.019186042 -0.994526386 -12.122075081 -0.001514655 0.999809802 0.019444397 0.079203643 0.994710267 0.003503493 -0.102661252 4.797278404
-0.101685762 0.021390582 -0.994586647 -12.742198944 0.000770765 0.999770224 0.021423263 0.086791411 0.994816363 0.001411846 -0.101678848 4.733864784
-0.100075126 0.023578178 -0.994700551 -13.373313904 -0.000049110 0.999719083 0.023702078 0.095861122 0.994979978 0.002420835 -0.100045919 4.665676117
-0.098510623 0.023770655 -0.994852126 -14.034641266 -0.001920192 0.999708295 0.024076827 0.097699434 0.995134234 0.004282129 -0.098436236 4.597963333
-0.096941352 0.021193160 -0.995064557 -14.699322701 -0.003690229 0.999758720 0.021652650 0.107117414 0.995283365 0.005771050 -0.096839786 4.530196190
-0.095703602 0.021263212 -0.995182812 -15.378633499 -0.003703483 0.999757290 0.021717105 0.118910730 0.995403051 0.005764045 -0.095601559 4.462364197
-0.093579054 0.023838760 -0.995326579 -16.080863953 -0.004436474 0.999693394 0.024360461 0.128786430 0.995602131 0.006695365 -0.093444586 4.385381699
-0.091919422 0.027388358 -0.995389760 -16.791727066 -0.005107769 0.999595523 0.027975760 0.138084739 0.995753348 0.007655736 -0.091742396 4.325910568
-0.090199471 0.029450506 -0.995488286 -17.525125504 -0.005170774 0.999535382 0.030038752 0.148042142 0.995910406 0.007856920 -0.090005279 4.256134033
-0.088269949 0.028838456 -0.995679140 -18.263654709 -0.007010014 0.999538064 0.029571684 0.161221504 0.996071994 0.009590012 -0.088027120 4.184280396
-0.086701751 0.025464758 -0.995908797 -19.009735107 -0.009879121 0.999602139 0.026419250 0.176606849 0.996185303 0.012129298 -0.086415648 4.111968994
-0.084988832 0.024761971 -0.996074319 -19.784587860 -0.010154307 0.999617696 0.025716467 0.193125352 0.996330321 0.012300055 -0.084704995 4.041660309
-0.083569407 0.027427148 -0.996124506 -20.570049286 -0.008193442 0.999568462 0.028209358 0.204869926 0.996468306 0.010519124 -0.083308578 3.974472046
-0.082614183 0.029457621 -0.996146321 -21.363370895 -0.006089734 0.999529481 0.030062715 0.217874557 0.996563137 0.008549867 -0.082395911 3.911607742
-0.081068158 0.031248627 -0.996218681 -22.165916443 -0.005312523 0.999480665 0.031783260 0.228382081 0.996694505 0.007869042 -0.080860019 3.839897156
-0.080448389 0.026490673 -0.996406794 -22.970453262 -0.004879568 0.999624312 0.026970185 0.241189525 0.996746898 0.007031738 -0.080288887 3.767459869
-0.080258369 0.019337144 -0.996586561 -23.769659042 -0.003916875 0.999798000 0.019714896 0.249144450 0.996766448 0.005485789 -0.080166459 3.704212189
-0.080296159 0.014952084 -0.996658981 -24.592224121 -0.000638607 0.999886513 0.015051954 0.258526117 0.996770918 0.001845087 -0.080277562 3.638498306
-0.080871344 0.015891384 -0.996597886 -25.410123825 0.000619232 0.999873519 0.015893368 0.263968468 0.996724427 0.000668192 -0.080870986 3.570217133
-0.080590963 0.023481883 -0.996470630 -26.247703552 0.000308626 0.999723017 0.023533566 0.267829061 0.996747196 0.001589056 -0.080575943 3.491853714
-0.081080198 0.030527990 -0.996240020 -27.092561722 -0.001054204 0.999527633 0.030714532 0.279600084 0.996707141 0.003540577 -0.081009746 3.421682358
-0.081448197 0.036077991 -0.996024549 -27.935138702 -0.003025439 0.999331057 0.036445163 0.288771987 0.996673107 0.005981797 -0.081284523 3.343759537
-0.081798911 0.036106784 -0.995994627 -28.781742096 -0.004685866 0.999318540 0.036612123 0.301330358 0.996637881 0.007661926 -0.081573963 3.268898010
-0.082486987 0.032828361 -0.996051252 -29.602230072 -0.004082919 0.999437809 0.033278096 0.313201725 0.996583760 0.006811805 -0.082306504 3.200275421
-0.082997799 0.030008709 -0.996097863 -30.441780090 -0.004339227 0.999526143 0.030473549 0.330942452 0.996540308 0.006851528 -0.082828164 3.126911163
-0.083054066 0.031401489 -0.996050239 -31.271711349 -0.005311514 0.999475300 0.031952359 0.342632264 0.996530950 0.007944307 -0.082843661 3.053531647
-0.082674265 0.033795942 -0.996003389 -32.106452942 -0.007342696 0.999377012 0.034519903 0.347022295 0.996549547 0.010167259 -0.082374573 2.972225189
-0.082688928 0.032343771 -0.996050477 -32.944282532 -0.007863877 0.999420881 0.033106048 0.359374225 0.996544421 0.010570319 -0.082386613 2.898147583
-0.082347393 0.026939321 -0.996239662 -33.769718170 -0.008656142 0.999577522 0.027745085 0.373972207 0.996566236 0.010908322 -0.082079411 2.825328827
-0.082002163 0.022982012 -0.996367157 -34.602752686 -0.009678835 0.999668598 0.023854742 0.379276961 0.996585131 0.011599812 -0.081752539 2.744434357
-0.081600785 0.023752661 -0.996382117 -35.439502716 -0.009401028 0.999653161 0.024600558 0.387201518 0.996620834 0.011374437 -0.081349134 2.673194885
-0.080882668 0.026073109 -0.996382594 -36.277755737 -0.008421130 0.999604225 0.026841011 0.394440651 0.996688128 0.010561638 -0.080631137 2.596050262
-0.080264091 0.031370815 -0.996279895 -37.118526459 -0.007518891 0.999457121 0.032076612 0.400587022 0.996745288 0.010065518 -0.079984665 2.518688202
-0.079749823 0.036712322 -0.996138811 -37.958019257 -0.006785351 0.999278426 0.037371263 0.420925736 0.996792018 0.009739493 -0.079443097 2.458873749
-0.079803586 0.039908588 -0.996011436 -38.798114777 -0.007116315 0.999149978 0.040604528 0.436669946 0.996785283 0.010328319 -0.079451799 2.382053375
-0.079514742 0.039701533 -0.996042907 -39.624275208 -0.006884132 0.999160886 0.040375382 0.454468310 0.996810079 0.010067320 -0.079174638 2.312431335
-0.079208612 0.035457473 -0.996227384 -40.449192047 -0.007039959 0.999322414 0.036127370 0.471185565 0.996833324 0.009874993 -0.078905344 2.237636566
-0.078770638 0.031029399 -0.996409774 -41.285987854 -0.008101040 0.999462545 0.031764891 0.486222208 0.996859908 0.010574093 -0.078476906 2.160305023
-0.078658462 0.028422903 -0.996496379 -42.102836609 -0.011816106 0.999496698 0.029441183 0.496089190 0.996831596 0.014090503 -0.078282952 2.091857910
-0.079106450 0.026697597 -0.996508718 -42.930431366 -0.014893914 0.999498069 0.027960017 0.509640932 0.996755004 0.017053727 -0.078669071 2.013061523
-0.080051303 0.024559949 -0.996488273 -43.758296967 -0.012688403 0.999590337 0.025655707 0.518031120 0.996710122 0.014697612 -0.079706907 1.950839996
-0.081192255 0.020920923 -0.996478915 -44.582115173 -0.009191670 0.999721467 0.021737928 0.524587393 0.996656120 0.010924255 -0.080977321 1.882549286
-0.081606388 0.019620869 -0.996471584 -45.395931244 -0.005108912 0.999784827 0.020104505 0.530344903 0.996651649 0.006731539 -0.081488490 1.804302216
-0.083711028 0.023004651 -0.996224582 -46.220252991 -0.004846253 0.999712288 0.023492413 0.535459757 0.996478379 0.006794529 -0.083575487 1.736072540
-0.085331440 0.029408798 -0.995918453 -47.025909424 -0.002602540 0.999554276 0.029739149 0.537865400 0.996349156 0.005129602 -0.085216880 1.675556183
-0.086692810 0.033231229 -0.995680690 -47.841197968 -0.000876956 0.999440551 0.033433072 0.545087278 0.996234715 0.003771578 -0.086615205 1.593559265
-0.088318348 0.032321017 -0.995567799 -48.646747589 -0.000854360 0.999470592 0.032523517 0.553055644 0.996091962 0.003722997 -0.088244081 1.522079468
-0.089837313 0.028308650 -0.995554030 -49.449996948 -0.003979099 0.999577761 0.028782135 0.563795030 0.995948434 0.006547122 -0.089686751 1.444026947
-0.090493917 0.024949713 -0.995584428 -50.249248505 -0.009452506 0.999619603 0.025910024 0.565736890 0.995852172 0.011755466 -0.090223670 1.349826813
-0.092211723 0.023388494 -0.995464742 -51.036247253 -0.012764727 0.999614179 0.024668405 0.576165199 0.995657623 0.014981548 -0.091877580 1.272109985
-0.093162417 0.024569530 -0.995347798 -51.831207275 -0.014425364 0.999557257 0.026023621 0.580464303 0.995546520 0.016782677 -0.092766643 1.189529419
-0.094004750 0.026195236 -0.995227218 -52.618286133 -0.014271945 0.999515593 0.027656175 0.586948335 0.995469570 0.016803633 -0.093585372 1.110408783
-0.095039725 0.025708606 -0.995141447 -53.406433105 -0.016182702 0.999494493 0.027366571 0.592178464 0.995341957 0.018704988 -0.094575644 1.027378082
-0.095668793 0.025574578 -0.995084643 -54.185119629 -0.016966732 0.999482751 0.027318818 0.598912299 0.995268643 0.019496890 -0.095185399 0.945819855
-0.096223235 0.027319793 -0.994984984 -54.957279205 -0.015388322 0.999462962 0.028930927 0.609167576 0.995241046 0.018094966 -0.095751047 0.869949341
-0.096526742 0.030121949 -0.994874597 -55.731746674 -0.014708735 0.999389648 0.031685755 0.618816257 0.995221794 0.017691866 -0.096024871 0.792911530
-0.096792698 0.034363259 -0.994711220 -56.510101318 -0.014533801 0.999248445 0.035934247 0.630371928 0.995198488 0.017935107 -0.096220493 0.715427399
-0.097403288 0.036398899 -0.994579256 -57.269809723 -0.014751393 0.999168396 0.038011517 0.642821431 0.995135725 0.018373871 -0.096785307 0.637084961
-0.098114133 0.036396850 -0.994509339 -58.020271301 -0.014385522 0.999174714 0.037986808 0.652177691 0.995071173 0.018033583 -0.097509623 0.561538696
-0.098316073 0.034696113 -0.994550169 -58.770980835 -0.013777074 0.999248803 0.036221959 0.660154521 0.995059788 0.017263196 -0.097764254 0.484558105
-0.098485351 0.031140199 -0.994651198 -59.501625061 -0.013739705 0.999372482 0.032648448 0.669376075 0.995043695 0.016881606 -0.097995639 0.407875061
-0.098369241 0.028225068 -0.994749606 -60.220996857 -0.014127775 0.999457359 0.029755721 0.677949846 0.995049655 0.016980650 -0.097917199 0.334747314
-0.096946955 0.025820678 -0.994954586 -60.928913116 -0.015043498 0.999511242 0.027404746 0.687654257 0.995175898 0.017624402 -0.096511126 0.256568909
-0.094795227 0.025210310 -0.995177448 -61.621109009 -0.017186331 0.999488831 0.026956605 0.689922452 0.995348394 0.019658810 -0.094313502 0.188606262
-0.090213776 0.026200237 -0.995577693 -62.318515778 -0.017151212 0.999464750 0.027856680 0.694750011 0.995774686 0.019588424 -0.089716196 0.111915588
-0.084406257 0.027481539 -0.996052444 -62.984100342 -0.016380701 0.999446273 0.028963290 0.704074144 0.996296823 0.018760718 -0.083909273 0.056320190
-0.077290773 0.029177617 -0.996581614 -63.628765106 -0.015732860 0.999411523 0.030480646 0.705888748 0.996884525 0.018034950 -0.076786280 0.010704041
-0.068585396 0.030498955 -0.997178912 -64.268531799 -0.016820168 0.999355197 0.031722397 0.708122730 0.997503400 0.018948412 -0.068028092 -0.034622192
-0.056367159 0.032074064 -0.997894824 -64.902191162 -0.018561104 0.999277472 0.033166949 0.721791744 0.998237550 0.020391557 -0.055731177 -0.080902100
-0.041583300 0.033428781 -0.998575687 -65.513359070 -0.021767143 0.999172628 0.034355205 0.724883318 0.998897970 0.023164740 -0.040821195 -0.109588623
-0.023592710 0.034939930 -0.999110878 -66.053253174 -0.023244625 0.999099731 0.035488430 0.729453206 0.999451339 0.024061223 -0.022759199 -0.103103638
-0.001183391 0.035928711 -0.999353766 -66.620628357 -0.024447167 0.999054611 0.035946909 0.735389590 0.999700546 0.024473900 -0.000303864 -0.097434998
0.024300814 0.036360070 -0.999043226 -67.168197632 -0.023810307 0.999075949 0.035782091 0.741250157 0.999421060 0.022917992 0.025144100 -0.069854736
0.053210974 0.035887141 -0.997938335 -67.686836243 -0.022316782 0.999147177 0.034740664 0.746712446 0.998333991 0.020422179 0.053966463 -0.013984680
0.087548733 0.035764936 -0.995518088 -68.190567017 -0.021030854 0.999198914 0.034047659 0.754286528 0.995938301 0.017955761 0.088230729 0.048057556
0.124858618 0.035649449 -0.991533995 -68.673202515 -0.020655364 0.999231100 0.033325173 0.766346276 0.991959572 0.016319556 0.125499010 0.137451172
0.165792227 0.035903528 -0.985506952 -69.127693176 -0.020385016 0.999248266 0.032974768 0.760381162 0.985950053 0.014622612 0.166399479 0.234668732
0.211405098 0.037224628 -0.976689458 -69.541114807 -0.019606747 0.999234915 0.033840012 0.760187030 0.977201879 0.011995750 0.211973250 0.336063385
0.259351790 0.035974581 -0.965112805 -69.914772034 -0.015830996 0.999330103 0.032995820 0.754620075 0.965653241 0.006721169 0.259747505 0.476692200
0.309829414 0.031152632 -0.950281799 -70.331497192 -0.008229626 0.999513507 0.030083392 0.754313469 0.950756669 -0.001500261 0.309935033 0.650520325
0.360554934 0.025728911 -0.932383180 -70.720550537 -0.002483820 0.999642432 0.026624419 0.755953074 0.932734787 -0.007283696 0.360489905 0.853164673
0.413384140 0.020707978 -0.910321176 -71.116851807 0.001963839 0.999718785 0.023633387 0.769739449 0.910554588 -0.011557393 0.413227201 1.067569733
0.463685811 0.020232793 -0.885768652 -71.475463867 0.001894979 0.999714315 0.023827540 0.774558067 0.885997653 -0.012727005 0.463514984 1.305297852
0.512096703 0.018918511 -0.858719468 -71.862945557 0.003537643 0.999702454 0.024134189 0.782197177 0.858920574 -0.015396882 0.511877418 1.567237854
0.557558000 0.014034945 -0.830019414 -72.204673767 0.011102668 0.999641538 0.024361236 0.794503093 0.830063820 -0.022798233 0.557202339 1.843946457
0.602077246 0.008056737 -0.798397243 -72.531196594 0.020480659 0.999464214 0.025530351 0.792950511 0.798175156 -0.031722944 0.601589680 2.134658813
0.645030499 0.002979410 -0.764151037 -72.849868774 0.022082340 0.999502122 0.022537049 0.796439111 0.763837695 -0.031411327 0.644643545 2.443584442
0.686119735 -0.001863624 -0.727486312 -73.142517090 0.019504394 0.999684393 0.015834412 0.797979534 0.727227151 -0.025053483 0.685939550 2.762817383
0.726173878 -0.008633436 -0.687456906 -73.428573608 0.015912725 0.999864340 0.004252107 0.803983569 0.687326908 -0.014027081 0.726212740 3.113206863
0.765255690 -0.011200493 -0.643629014 -73.686111450 0.011200933 0.999928951 -0.004083283 0.805487096 0.643629014 -0.004084489 0.765326798 3.471669197
0.802713692 -0.011175463 -0.596259832 -73.937835693 0.008918038 0.999937534 -0.006735543 0.798676550 0.596297860 0.000089245 0.802763224 3.842413902
0.836477399 -0.012652366 -0.547855377 -74.169929504 0.009561846 0.999918222 -0.008493233 0.796370625 0.547918022 0.001865889 0.836529970 4.269066334
0.867049634 -0.011116279 -0.498097777 -74.394386292 0.006740644 0.999921262 -0.010582122 0.789657533 0.498176187 0.005817725 0.867056310 4.715405464
0.892283618 -0.010164577 -0.451360911 -74.587844849 0.006721428 0.999934793 -0.009230959 0.778584242 0.451425314 0.005202845 0.892293751 5.196781158
0.913438380 -0.004235926 -0.406955034 -74.780693054 0.001051039 0.999967039 -0.008049360 0.766014457 0.406975716 0.006924869 0.913412750 5.691359520
0.931302667 0.001112889 -0.364244580 -74.992385864 -0.005138294 0.999935985 -0.010082482 0.760705292 0.364210039 0.011261438 0.931248784 6.189976692
0.944593906 0.005669652 -0.328192383 -75.159370422 -0.009074321 0.999919713 -0.008843442 0.756467998 0.328115910 0.011331584 0.944569528 6.734050751
0.954598963 0.006512189 -0.297822744 -75.327423096 -0.008935870 0.999937117 -0.006777164 0.744049191 0.297759861 0.009130779 0.954597116 7.295194626
0.961823940 0.005855177 -0.273606330 -75.467803955 -0.007654883 0.999955535 -0.005510597 0.734482586 0.273561895 0.007394648 0.961825967 7.868587494
0.967808247 0.006584736 -0.251602530 -75.647308350 -0.007714835 0.999964118 -0.003505458 0.728505850 0.251570404 0.005333683 0.967824280 8.485420227
0.972382069 0.008699611 -0.233232617 -75.790748596 -0.009154593 0.999957740 -0.000868314 0.722083330 0.233215213 0.002979482 0.972420573 9.100796700
0.975912690 0.013885349 -0.217719138 -75.939758301 -0.014068228 0.999900758 0.000710129 0.714999497 0.217707396 0.002369899 0.976011217 9.738505363
0.978789330 0.017859038 -0.204089522 -76.080909729 -0.017825305 0.999839127 0.002003752 0.706239879 0.204092473 0.001676707 0.978950202 10.384050369
0.981374264 0.015432023 -0.191484809 -76.183685303 -0.015366681 0.999880254 0.001826306 0.701228499 0.191490054 0.001150196 0.981493890 11.034404755
0.984032214 0.015868418 -0.177281663 -76.339561462 -0.015930023 0.999872506 0.001075915 0.698251247 0.177276134 0.001765366 0.984159589 11.757894516
0.986472845 0.016259735 -0.163116455 -76.442047119 -0.016217994 0.999867201 0.001587624 0.695279360 0.163120613 0.001079274 0.986605525 12.454236031
0.988745570 0.017738387 -0.148551449 -76.557380676 -0.017628824 0.999842465 0.002054312 0.689910948 0.148564503 0.000587595 0.988902569 13.166026115
0.990568638 0.018507726 -0.135761842 -76.659759521 -0.018754510 0.999823987 -0.000538896 0.674154878 0.135727972 0.003079961 0.990741372 13.897628784
0.992037058 0.018764853 -0.124540538 -76.751678467 -0.019635467 0.999790549 -0.005766697 0.661586523 0.124406241 0.008166188 0.992197752 14.626254082
0.993169785 0.017017098 -0.115430601 -76.834503174 -0.018549852 0.999753296 -0.012217321 0.651178300 0.115194216 0.014275094 0.993240416 15.391719818
0.994100809 0.016911782 -0.107133582 -76.915885925 -0.018357879 0.999752998 -0.012526195 0.642954111 0.106895275 0.014419045 0.994165719 16.150400162
0.994803607 0.018587753 -0.100101396 -76.997779846 -0.019310309 0.999794006 -0.006254063 0.626621485 0.099964529 0.008154553 0.994957566 16.916233063
0.995194972 0.023377318 -0.095081471 -77.086692810 -0.023302080 0.999726653 0.001901704 0.609679818 0.095099941 0.000323030 0.995467663 17.703435898
0.995572627 0.023809291 -0.090929881 -77.160263062 -0.023391467 0.999710381 0.005658121 0.600002587 0.091038257 -0.003506088 0.995841205 18.478296280
0.995876193 0.022578314 -0.087867938 -77.222145081 -0.022204405 0.999739766 0.005230559 0.579320610 0.087963164 -0.003257934 0.996118426 19.243295670
0.996170640 0.023342878 -0.084256217 -77.298927307 -0.023112537 0.999725997 0.003708311 0.570164502 0.084319696 -0.001746735 0.996437252 20.011402130
0.996429086 0.022028493 -0.081509322 -77.359474182 -0.021594232 0.999747574 0.006205554 0.558943450 0.081625447 -0.004423264 0.996653259 20.782625198
0.996679664 0.019638687 -0.079019025 -77.420570374 -0.019014331 0.999781847 0.008646098 0.550189376 0.079171583 -0.007114896 0.996835589 21.549352646
0.996960342 0.017942864 -0.075816520 -77.481170654 -0.017181436 0.999795318 0.010683453 0.534421265 0.075992689 -0.009348342 0.997064531 22.317258835
0.997217655 0.016478395 -0.072700731 -77.549057007 -0.016009718 0.999847174 0.007024726 0.528217971 0.072805382 -0.005841263 0.997329056 23.091886520
0.997249842 0.019573253 -0.071481720 -77.608169556 -0.019653948 0.999806762 -0.000425671 0.520271182 0.071459576 0.001829398 0.997441828 23.859678268
0.997336507 0.020257341 -0.070068181 -77.664291382 -0.020877551 0.999749005 -0.008130499 0.507785618 0.069885887 0.009571696 0.997509062 24.612827301
0.997416139 0.020801309 -0.068763405 -77.718643188 -0.021722153 0.999683738 -0.012670898 0.497471541 0.068478093 0.014131847 0.997552514 25.368713379
0.997514725 0.022523195 -0.066761605 -77.775657654 -0.023275234 0.999673843 -0.010508129 0.469990134 0.066503160 0.012035905 0.997713625 26.136539459
0.997615993 0.025527241 -0.064114980 -77.837501526 -0.025989426 0.999641836 -0.006384915 0.448913068 0.063929029 0.008036004 0.997922063 26.903478622
0.997678459 0.028790630 -0.061715785 -77.896125793 -0.028918546 0.999581099 -0.001180255 0.430559337 0.061655954 0.002962246 0.998093069 27.663671494
0.997890115 0.026680144 -0.059190482 -77.945564270 -0.026704827 0.999643266 0.000374109 0.419156045 0.059179351 0.001207352 0.998246610 28.420389175
0.998036146 0.023861660 -0.057917759 -77.993217468 -0.023880394 0.999714732 0.000368745 0.401484728 0.057910036 0.001015077 0.998321295 29.186058044
0.998150289 0.021506818 -0.056863211 -78.031929016 -0.021521008 0.999768317 0.000362887 0.388690054 0.056857839 0.000861538 0.998381913 29.923046112
0.998224258 0.021188801 -0.055672009 -78.078651428 -0.021305773 0.999771893 -0.001508338 0.377076507 0.055627346 0.002691795 0.998447955 30.675205231
0.998283327 0.018908812 -0.055433396 -78.113006592 -0.019088745 0.999814093 -0.002718216 0.364654809 0.055371694 0.003771703 0.998458683 31.425071716
0.998381019 0.018031478 -0.053946108 -78.171157837 -0.018207621 0.999830365 -0.002775409 0.352791667 0.053886913 0.003753146 0.998539984 32.202754974
0.998339593 0.021916416 -0.053270087 -78.226081848 -0.022026651 0.999756277 -0.001483072 0.336642891 0.053224601 0.002653971 0.998579025 32.975971222
0.998344243 0.021508010 -0.053349826 -78.272247314 -0.021666896 0.999762356 -0.002401514 0.324355662 0.053285494 0.003553462 0.998573005 33.748908997
0.998268008 0.020935277 -0.054979593 -78.318191528 -0.021092996 0.999774873 -0.002289940 0.309301257 0.054919276 0.003445658 0.998484850 34.528900146
0.998215973 0.018340928 -0.056820184 -78.368438721 -0.018482840 0.999827206 -0.001972969 0.299832582 0.056774184 0.003019647 0.998382449 35.316104889
0.998020530 0.019426202 -0.059812956 -78.423408508 -0.019597759 0.999805331 -0.002282885 0.286902547 0.059756964 0.003450566 0.998206973 36.100177765
0.997765243 0.023293354 -0.062625438 -78.484390259 -0.023487767 0.999721289 -0.002369890 0.270424366 0.062552787 0.003835526 0.998034298 36.897178650
0.997586370 0.023469193 -0.065349989 -78.542373657 -0.023984630 0.999687016 -0.007113913 0.255075991 0.065162577 0.008664138 0.997837067 37.693397522
0.997407854 0.024435118 -0.067679733 -78.608047485 -0.025224660 0.999623060 -0.010835824 0.244022697 0.067389451 0.012514933 0.997648239 38.491912842
0.997311294 0.023800140 -0.069308758 -78.675697327 -0.024727160 0.999615490 -0.012548037 0.227471977 0.068983465 0.014228107 0.997516334 39.306983948
0.997189760 0.024119616 -0.070928477 -78.748840332 -0.024957793 0.999628484 -0.010954710 0.206537098 0.070637904 0.012694143 0.997421265 40.118251801
0.997000575 0.022736272 -0.073978953 -78.804077148 -0.023538301 0.999673069 -0.009987468 0.184691459 0.073727690 0.011698850 0.997209787 40.933521271
0.996865273 0.022510422 -0.075847812 -78.865684509 -0.023209054 0.999695837 -0.008342017 0.170738637 0.075636961 0.010076223 0.997084498 41.797187805
0.996810913 0.022113940 -0.076674506 -78.937500000 -0.022553064 0.999733806 -0.004865863 0.156458795 0.076546490 0.006579590 0.997044325 42.634796143
0.996729791 0.021891592 -0.077784911 -79.007255554 -0.021938497 0.999759316 0.000251588 0.141225830 0.077771693 0.001455719 0.996970117 43.480342865
0.996772349 0.022152336 -0.077163018 -79.076889038 -0.022039693 0.999754429 0.002311210 0.127958268 0.077195264 -0.000603101 0.997015834 44.337009430
0.996866882 0.024687119 -0.075145938 -79.149208069 -0.024582623 0.999695122 0.002315333 0.116443053 0.075180188 -0.000460794 0.997169852 45.220565796
0.997032821 0.024597382 -0.072942205 -79.219375610 -0.024605785 0.999696910 0.000783538 0.109815359 0.072939374 0.001013587 0.997335851 46.075195312
0.997216165 0.022313870 -0.071147949 -79.289840698 -0.022497017 0.999745309 -0.001773769 0.099839702 0.071090251 0.003369447 0.997464180 46.945213318
0.997379303 0.018789973 -0.069867462 -79.338958740 -0.019030571 0.999815047 -0.002779565 0.077269152 0.069802307 0.004101898 0.997552395 47.812763214
0.997547686 0.017375587 -0.067798838 -79.403152466 -0.017638920 0.999839008 -0.003287291 0.069127396 0.067730799 0.004475128 0.997693598 48.684249878
0.997645617 0.015213645 -0.066871300 -79.462768555 -0.015293201 0.999882817 -0.000677905 0.052656859 0.066853151 0.001698985 0.997761369 49.558807373
0.997705817 0.011789231 -0.066663764 -79.514633179 -0.011702629 0.999930084 0.001689462 0.040218007 0.066679023 -0.000905445 0.997774065 50.448223114
0.997762144 0.011847461 -0.065805316 -79.575286865 -0.011754820 0.999929309 0.001794810 0.026687056 0.065821931 -0.001017264 0.997830868 51.351131439
0.997838438 0.013443240 -0.064324953 -79.639495850 -0.013559551 0.999907136 -0.001371931 0.009889657 0.064300537 0.002241183 0.997928083 52.217243195
0.997852981 0.016169460 -0.063466176 -79.712272644 -0.016648022 0.999836802 -0.007018815 -0.012209173 0.063342333 0.008060331 0.997959316 53.081687927
0.997895956 0.017167635 -0.062521689 -79.770339966 -0.017983535 0.999760032 -0.012510554 -0.028101847 0.062291905 0.013608592 0.997965217 53.946285248
0.997836471 0.022518691 -0.061768021 -79.839126587 -0.023684669 0.999553621 -0.018209875 -0.058366701 0.061330389 0.019633431 0.997924387 54.815879822
0.997878850 0.022650421 -0.061031014 -79.889686584 -0.023840170 0.999538302 -0.018836979 -0.089278802 0.060576171 0.020252014 0.997958124 55.660720825
0.997987866 0.019780930 -0.060241092 -79.950508118 -0.020595044 0.999704361 -0.012923413 -0.111796193 0.059967648 0.014138077 0.998100221 56.508361816
0.997955203 0.019307923 -0.060931154 -80.007766724 -0.019603664 0.999798775 -0.004259611 -0.132565320 0.060836647 0.005445375 0.998132885 57.364921570
0.997870266 0.018047933 -0.062683463 -80.058097839 -0.017826280 0.999832690 0.004093575 -0.161625564 0.062746860 -0.002967444 0.998025060 58.213710785
0.997818887 0.015705332 -0.064115942 -80.131958008 -0.015643151 0.999876559 0.001471714 -0.169852465 0.064131141 -0.000465528 0.997941375 59.054229736
0.997728407 0.010444239 -0.066550203 -80.177719116 -0.010581664 0.999942541 -0.001712813 -0.189837396 0.066528492 0.002413134 0.997781634 59.899021149
0.997542441 0.009222534 -0.069455124 -80.234909058 -0.009465886 0.999950171 -0.003175410 -0.208079293 0.069422379 0.003825061 0.997580051 60.732307434
0.997332096 0.011052362 -0.072156519 -80.305885315 -0.011482021 0.999918699 -0.005542458 -0.228363857 0.072089396 0.006356173 0.997377932 61.570487976
0.997094870 0.013069749 -0.075040184 -80.379974365 -0.013758889 0.999867737 -0.008673999 -0.249713957 0.074916892 0.009681269 0.997142792 62.365989685
0.996783435 0.013432871 -0.079008691 -80.450866699 -0.014420506 0.999824703 -0.011943052 -0.274855077 0.078834407 0.013043981 0.996802390 63.171207428
0.996498346 0.015595867 -0.082145117 -80.527687073 -0.016936796 0.999734044 -0.015652422 -0.300193608 0.081879154 0.016988887 0.996497452 63.977279663
0.996165395 0.020369112 -0.085085899 -80.609619141 -0.021786870 0.999638319 -0.015767388 -0.326614797 0.084733956 0.017560681 0.996248841 64.767730713
0.995784879 0.024045138 -0.088511355 -80.699508667 -0.025378913 0.999580204 -0.013974410 -0.347844541 0.088138185 0.016161827 0.995977163 65.572578430
0.995369554 0.027216131 -0.092188373 -80.785804749 -0.028075594 0.999573469 -0.008038647 -0.371865034 0.091930270 0.010589669 0.995709121 66.375595093
0.994968772 0.027514797 -0.096332930 -80.870834351 -0.027888933 0.999607801 -0.002539236 -0.390425950 0.096225284 0.005213084 0.995345950 67.175018311
0.994510591 0.026931712 -0.101110719 -80.958229065 -0.026934907 0.999636292 0.001333859 -0.411887497 0.101109862 0.001396871 0.994874299 67.969192505
0.993844926 0.026566502 -0.107547723 -81.051139832 -0.026504390 0.999646664 0.002007142 -0.419824064 0.107563049 0.000855699 0.994197905 68.761299133
0.993252695 0.024088142 -0.113441132 -81.144073486 -0.023543898 0.999704003 0.006135090 -0.433133423 0.113555335 -0.003422848 0.993525803 69.552238464
0.992442787 0.024988508 -0.120137058 -81.244239807 -0.024517769 0.999684811 0.005395085 -0.442119718 0.120234013 -0.002408821 0.992742658 70.330490112
0.991634727 0.029295476 -0.125707522 -81.361473083 -0.028879680 0.999569714 0.005129203 -0.456938863 0.125803694 -0.001455903 0.992054105 71.100349426
0.990782380 0.030342242 -0.132021397 -81.472557068 -0.030427871 0.999536037 0.001369214 -0.467483938 0.132001683 0.002660536 0.991245925 71.869781494
0.990003228 0.030372158 -0.137735918 -81.579765320 -0.030860281 0.999522686 -0.001409328 -0.480452925 0.137627378 0.005645808 0.990467966 72.611122131
0.989189267 0.031742457 -0.143167689 -81.698036194 -0.032422241 0.999471366 -0.002417153 -0.495608211 0.143015280 0.007032838 0.989695489 73.378067017
0.988455415 0.033571653 -0.147746027 -81.819801331 -0.033564340 0.999433339 0.002543405 -0.502963483 0.147747681 0.002444955 0.989022076 74.146072388
0.987590253 0.034163464 -0.153291628 -81.956184387 -0.033551328 0.999415338 0.006579138 -0.512361407 0.153426781 -0.001354356 0.988159120 74.908325195
0.986625612 0.033484921 -0.159526259 -82.085006714 -0.032459553 0.999432266 0.009029764 -0.528420568 0.159738049 -0.003730846 0.987152398 75.665946960
0.985565305 0.030891048 -0.166453645 -82.219306946 -0.030434402 0.999522746 0.005294055 -0.536780834 0.166537732 -0.000151721 0.986035049 76.414657593
0.984179378 0.028663171 -0.174841136 -82.363121033 -0.029492583 0.999562681 -0.002146835 -0.541709304 0.174703151 0.007269387 0.984594345 77.157897949
0.982570469 0.026621697 -0.183974311 -82.509902954 -0.027749380 0.999608576 -0.003557255 -0.558832884 0.183807611 0.008600426 0.982924640 77.902626038
0.980490863 0.025960017 -0.194842875 -82.646598816 -0.026583195 0.999646425 -0.000583761 -0.572877347 0.194758832 0.005751919 0.980834305 78.628067017
0.978233039 0.025765078 -0.205903441 -82.811508179 -0.025166459 0.999668002 0.005526187 -0.579910994 0.205977470 -0.000224039 0.978556693 79.369812012
0.975689709 0.027235767 -0.217457488 -82.991020203 -0.024892716 0.999598861 0.013507349 -0.586723149 0.217738152 -0.007765875 0.975976348 80.104774475
0.973152637 0.028348658 -0.228408083 -83.175659180 -0.025139082 0.999540269 0.016949752 -0.595403075 0.228783578 -0.010752727 0.973417938 80.833297729
0.970173240 0.031473298 -0.240360901 -83.358024597 -0.029306816 0.999491274 0.012583579 -0.603913903 0.240634665 -0.005164040 0.970602036 81.551361084
0.967136085 0.030808169 -0.252385885 -83.558296204 -0.030981300 0.999514580 0.003288928 -0.606824398 0.252364695 0.004638401 0.967621088 82.258712769
0.963888347 0.028262859 -0.264802694 -83.762992859 -0.029715603 0.999557316 -0.001481019 -0.610487819 0.264643610 0.009296308 0.964301467 82.962448120
0.960520208 0.026970411 -0.276899815 -83.978836060 -0.027028820 0.999628127 0.003606549 -0.617283881 0.276894122 0.004020111 0.960892022 83.683837891
0.957154334 0.028205493 -0.288201421 -84.208938599 -0.026247980 0.999598682 0.010655068 -0.621230602 0.288386315 -0.002633840 0.957510531 84.421195984
0.953454018 0.028418873 -0.300196350 -84.430648804 -0.024699885 0.999563992 0.016177002 -0.626671672 0.300525218 -0.008009212 0.953740239 85.131576538
0.949378192 0.026196564 -0.313041210 -84.668922424 -0.022890080 0.999636650 0.014233598 -0.627868414 0.313300341 -0.006347531 0.949632883 85.841430664
0.945519388 0.023951270 -0.324683517 -84.915916443 -0.021812435 0.999709785 0.010226072 -0.633555889 0.324834198 -0.002586811 0.945767462 86.545364380
0.942514956 0.020367587 -0.333542615 -85.173500061 -0.020419629 0.999785900 0.003350160 -0.645482063 0.333539456 0.003653240 0.942729056 87.239707947
0.939991117 0.016641224 -0.340792894 -85.441299438 -0.018562289 0.999824882 -0.002377039 -0.653121471 0.340693682 0.008560291 0.940135419 87.928543091
0.937221825 0.016166646 -0.348358840 -85.695793152 -0.018849952 0.999813020 -0.004314413 -0.666213989 0.348223954 0.010610110 0.937351346 88.632774353
0.934184730 0.021465842 -0.356143355 -85.980613708 -0.024524041 0.999690950 -0.004073578 -0.682331800 0.355945826 0.012539548 0.934422433 89.333175659
0.931082249 0.021249343 -0.364189893 -86.266731262 -0.023546625 0.999720991 -0.001868339 -0.695454359 0.364048600 0.010315020 0.931322813 90.037887573
0.927879453 0.021837490 -0.372240365 -86.550964355 -0.021710968 0.999754012 0.004531903 -0.697371364 0.372247756 0.003876639 0.928125322 90.743949890
0.925206900 0.024309468 -0.378683567 -86.852859497 -0.020926941 0.999695897 0.013046051 -0.708027959 0.378885537 -0.004145609 0.925434232 91.456794739
0.922785759 0.034505468 -0.383765340 -87.171844482 -0.029302327 0.999382377 0.019398274 -0.710051715 0.384197652 -0.006655234 0.923226893 92.150794983
0.920116305 0.040988877 -0.389494359 -87.485374451 -0.037567426 0.999159515 0.016400816 -0.708825767 0.389839262 -0.000458359 0.920882821 92.842033386
0.918062925 0.037693806 -0.394638628 -87.807220459 -0.037123695 0.999269426 0.009082683 -0.712922752 0.394692659 0.006311967 0.918791533 93.533569336
0.916103959 0.030149657 -0.399805605 -88.110229492 -0.032230359 0.999479294 0.001519735 -0.716076434 0.399643242 0.011493642 0.916598678 94.221481323
0.914422095 0.030822555 -0.403586715 -88.433769226 -0.033241984 0.999446809 0.001011681 -0.720862567 0.403394639 0.012490916 0.914940834 94.931114197
0.912141562 0.036148019 -0.408278286 -88.748794556 -0.036855590 0.999301791 0.006136168 -0.730297923 0.408215016 0.009450282 0.912836909 95.624702454
0.909638107 0.038564004 -0.413607746 -89.077133179 -0.037492391 0.999239504 0.010711045 -0.738749981 0.413706243 0.005763968 0.910392165 96.329444885
0.907386839 0.034842487 -0.418849826 -89.400321960 -0.034353200 0.999371767 0.008711850 -0.749339342 0.418890238 0.006483812 0.908013761 97.026908875
0.905207038 0.033309959 -0.423663408 -89.739250183 -0.035574082 0.999363720 0.002565370 -0.759384036 0.423479289 0.012749243 0.905816078 97.718116760
0.903040528 0.030545030 -0.428467989 -90.078132629 -0.035856802 0.999347568 -0.004329487 -0.763578176 0.428056210 0.019273194 0.903546572 98.411819458
