1.000000000 0.000000000 0.000000000 0.000000000 0.000000000 1.000000000 0.000000000 0.000000000 0.000000000 0.000000000 1.000000000 0.000000000
0.999997735 -0.001587038 -0.001426953 -0.003945305 0.001585690 0.999998271 -0.000945276 -0.008014653 0.001428451 0.000943011 0.999998510 0.559290349
0.999995351 -0.001837828 -0.002440122 -0.006507321 0.001831629 0.999995112 -0.002540213 -0.017948899 0.002444778 0.002535731 0.999993801 1.112323880
0.999988019 -0.002394072 -0.004263415 -0.016040903 0.002379544 0.999991357 -0.003409388 -0.037255000 0.004271541 0.003399202 0.999985099 1.676310062
0.999971449 -0.004114031 -0.006342655 -0.017753387 0.004078603 0.999976039 -0.005588456 -0.040766764 0.006365494 0.005562427 0.999964297 2.250091076
0.999948442 -0.006958126 -0.007399264 -0.031498402 0.006905864 0.999951184 -0.007065463 -0.064572267 0.007448065 0.007014000 0.999947667 2.795301676
0.999929249 -0.008176615 -0.008637925 -0.043274108 0.008109778 0.999937117 -0.007744405 -0.076168135 0.008700704 0.007673806 0.999932706 3.365593910
0.999914825 -0.008353795 -0.010030452 -0.053836845 0.008284000 0.999941349 -0.006979800 -0.090122461 0.010088172 0.006896114 0.999925315 3.944505215
0.999900460 -0.008572784 -0.011207752 -0.061359320 0.008487583 0.999934912 -0.007627583 -0.101789765 0.011272412 0.007531696 0.999908090 4.536041737
0.999894619 -0.007901624 -0.012179197 -0.076786131 0.007775998 0.999916434 -0.010327879 -0.117507681 0.012259786 0.010232085 0.999872506 5.129202366
0.999885678 -0.006165727 -0.013804331 -0.083754160 0.005969984 0.999881685 -0.014176319 -0.133193895 0.013890105 0.014092287 0.999804199 5.738399506
0.999873340 -0.005125442 -0.015067527 -0.097926840 0.004858687 0.999831736 -0.017687576 -0.148682088 0.015155649 0.017612128 0.999730051 6.345098972
0.999863029 -0.003273031 -0.016223084 -0.111490577 0.002987811 0.999841094 -0.017574273 -0.162434056 0.016278028 0.017523395 0.999713957 6.970736980
0.999849439 -0.000936099 -0.017327059 -0.128858447 0.000747717 0.999940574 -0.010875418 -0.169903949 0.017336208 0.010860825 0.999790728 7.611894608
0.999845147 0.000303499 -0.017595217 -0.158517718 -0.000311017 0.999999881 -0.000424563 -0.185174689 0.017595084 0.000429970 0.999845088 8.284712791
0.999819636 0.001035097 -0.018962985 -0.164505452 -0.000915733 0.999979734 0.006302153 -0.198759377 0.018969124 -0.006283652 0.999800324 8.967958450
0.999788105 0.003909925 -0.020208843 -0.184151456 -0.003804962 0.999979079 0.005229720 -0.214461952 0.020228868 -0.005151718 0.999782085 9.654459000
0.999769688 0.005420757 -0.020765081 -0.206875354 -0.005458647 0.999983549 -0.001768470 -0.221234918 0.020755153 0.001881412 0.999782801 10.337409019
0.999741971 0.005400480 -0.022065006 -0.229534596 -0.005572508 0.999954522 -0.007742383 -0.223973766 0.022022190 0.007863342 0.999726534 11.052288055
0.999730706 0.002721754 -0.023046730 -0.250779331 -0.002866014 0.999976516 -0.006228729 -0.226033106 0.023029236 0.006293104 0.999714971 11.794970512
0.999726653 0.001671946 -0.023320062 -0.271654606 -0.001598497 0.999993682 0.003167918 -0.234823063 0.023325212 -0.003129776 0.999723017 12.558597565
0.999719739 0.001658745 -0.023616642 -0.297477871 -0.001414781 0.999945521 0.010343132 -0.239003748 0.023632511 -0.010306820 0.999667585 13.341885567
0.999705017 0.000884886 -0.024270669 -0.317633569 -0.000569517 0.999915361 0.012997680 -0.246044874 0.024280116 -0.012980023 0.999620914 14.134003639
0.999707580 -0.001145595 -0.024154188 -0.347106397 0.001437734 0.999925971 0.012080849 -0.246720374 0.024138561 -0.012112044 0.999635220 14.947628975
0.999729812 -0.001516339 -0.023195382 -0.376475632 0.001738720 0.999952674 0.009570121 -0.243658930 0.023179773 -0.009607865 0.999685168 15.767333984
0.999732971 0.000807403 -0.023094214 -0.397137791 -0.000666020 0.999980986 0.006129044 -0.242726490 0.023098724 -0.006112027 0.999714494 16.614566803
0.999751270 -0.002273094 -0.022185348 -0.418343335 0.002290046 0.999997079 0.000738765 -0.251449436 0.022183605 -0.000789387 0.999753594 17.471319199
0.999754965 -0.004992097 -0.021564545 -0.428949475 0.004870458 0.999971926 -0.005689531 -0.260092050 0.021592341 0.005583108 0.999751270 18.352195740
0.999789596 -0.003714314 -0.020173224 -0.457465023 0.003493840 0.999933898 -0.010953333 -0.271861911 0.020212576 0.010880547 0.999736488 19.241968155
0.999798596 -0.002367023 -0.019929530 -0.485737711 0.002131152 0.999927521 -0.011848189 -0.287718534 0.019956131 0.011803330 0.999731183 20.157947540
0.999789238 -0.002152718 -0.020417836 -0.506378114 0.001921077 0.999933660 -0.011357912 -0.304766536 0.020440931 0.011316294 0.999727011 21.088642120
0.999787271 -0.000827467 -0.020609194 -0.520134687 0.000562929 0.999917448 -0.012838381 -0.329168826 0.020618116 0.012824048 0.999705195 22.020952225
0.999787390 0.002005763 -0.020521257 -0.547638714 -0.002311749 0.999886334 -0.014897805 -0.349250466 0.020489044 0.014942078 0.999678433 22.970348358
0.999769747 0.005346254 -0.020781282 -0.577732027 -0.005670545 0.999862611 -0.015577488 -0.372197211 0.020695146 0.015691742 0.999662697 23.936878204
0.999762058 0.007642240 -0.020431774 -0.607906461 -0.007962998 0.999845624 -0.015663961 -0.400266767 0.020308912 0.015822932 0.999668539 24.914318085
0.999745488 0.007974619 -0.021104340 -0.625477612 -0.008307273 0.999841869 -0.015721869 -0.427982002 0.020975627 0.015893187 0.999653637 25.895936966
0.999752283 0.008114695 -0.020725526 -0.655863881 -0.008440909 0.999841094 -0.015701026 -0.453125894 0.020594824 0.015872078 0.999661922 26.887351990
0.999726176 0.009749555 -0.021272736 -0.688698947 -0.010063692 0.999841154 -0.014710360 -0.482930422 0.021125937 0.014920414 0.999665499 27.897380829
0.999714613 0.009893484 -0.021742992 -0.700048387 -0.010164637 0.999871492 -0.012395865 -0.513439298 0.021617560 0.012613337 0.999686718 28.890094757
0.999705672 0.010563007 -0.021840991 -0.733228385 -0.010808538 0.999879360 -0.011154431 -0.540569484 0.021720532 0.011387217 0.999699235 29.909414291
0.999702096 0.010519874 -0.022024740 -0.760500908 -0.010785708 0.999870002 -0.011986012 -0.571219504 0.021895785 0.012219993 0.999685585 30.934104919
0.999678433 0.011855952 -0.022414856 -0.783388197 -0.012151273 0.999840558 -0.013085276 -0.595115066 0.022256143 0.013353437 0.999663115 31.985664368
0.999680758 0.011370147 -0.022563130 -0.817369998 -0.011648498 0.999857187 -0.012243707 -0.622594833 0.022420695 0.012502625 0.999670446 33.016559601
0.999667883 0.010781394 -0.023407200 -0.841173947 -0.011019472 0.999888599 -0.010066100 -0.642238498 0.023296067 0.010320692 0.999675333 34.065475464
0.999650359 0.011488670 -0.023814356 -0.870245337 -0.011635624 0.999914050 -0.006041404 -0.666927218 0.023742903 0.006316387 0.999698162 35.124908447
0.999633729 0.011311103 -0.024584789 -0.897237062 -0.011404197 0.999928296 -0.003649745 -0.693087220 0.024541743 0.003928778 0.999691069 36.194084167
0.999627948 0.010878203 -0.025012234 -0.926782906 -0.010958664 0.999935210 -0.003082078 -0.712806702 0.024977086 0.003355033 0.999682367 37.264560699
0.999623835 0.010601962 -0.025293916 -0.958724976 -0.010722490 0.999931753 -0.004634229 -0.729993045 0.025243059 0.004903699 0.999669313 38.338401794
0.999592900 0.010702175 -0.026448611 -0.990856588 -0.010844189 0.999927521 -0.005231821 -0.748906910 0.026390702 0.005516505 0.999636471 39.431316376
0.999593496 0.010401660 -0.026546067 -1.034686208 -0.010519774 0.999935389 -0.004313610 -0.766636908 0.026499482 0.004591115 0.999638259 40.515014648
0.999557972 0.010903550 -0.027657667 -1.062807679 -0.010960205 0.999938130 -0.001897681 -0.793799996 0.027635265 0.002199976 0.999615669 41.597614288
0.999547064 0.011321132 -0.027883824 -1.106093287 -0.011304586 0.999935806 0.000750940 -0.813772917 0.027890535 -0.000435385 0.999610901 42.677597046
0.999510109 0.012480339 -0.028701510 -1.137138486 -0.012465272 0.999922037 0.000703820 -0.837670624 0.028708057 -0.000345703 0.999587774 43.766269684
0.999476135 0.013778185 -0.029285928 -1.177741289 -0.013874604 0.999898970 -0.003091697 -0.858060002 0.029240372 0.003496408 0.999566317 44.847679138
0.999470890 0.014767040 -0.028980961 -1.214497447 -0.014986452 0.999860525 -0.007368321 -0.878304005 0.028868111 0.007798744 0.999552786 45.926986694
0.999465287 0.014999127 -0.029054360 -1.252389193 -0.015223742 0.999855816 -0.007525120 -0.903206706 0.028937299 0.007963412 0.999549508 47.009353638
0.999466300 0.015769351 -0.028609388 -1.292752862 -0.015922453 0.999860048 -0.005131586 -0.924920142 0.028524462 0.005584378 0.999577522 48.097217560
0.999443412 0.016580136 -0.028947942 -1.322224259 -0.016680043 0.999855697 -0.003213233 -0.948146164 0.028890489 0.003694298 0.999575734 49.198360443
0.999475718 0.014662351 -0.028866228 -1.355570555 -0.014714144 0.999890506 -0.001582636 -0.972554922 0.028839860 0.002006548 0.999582052 50.289134979
0.999495983 0.014681844 -0.028146105 -1.395803452 -0.014756920 0.999888062 -0.002461499 -0.995039284 0.028106816 0.002875608 0.999600768 51.373096466
0.999498904 0.013777865 -0.028496597 -1.418248892 -0.013906210 0.999894023 -0.004310600 -1.013791680 0.028434185 0.004704719 0.999584615 52.464202881
0.999503672 0.014010768 -0.028214980 -1.453859568 -0.014200759 0.999877751 -0.006544569 -1.037505507 0.028119838 0.006941995 0.999580443 53.561080933
0.999534309 0.012922144 -0.027644521 -1.495122671 -0.013167039 0.999875486 -0.008695114 -1.069991469 0.027528720 0.009055061 0.999580026 54.628551483
0.999561846 0.011671007 -0.027202208 -1.530835629 -0.012002231 0.999855399 -0.012045057 -1.098723769 0.027057696 0.012366267 0.999557376 55.708744049
0.999578834 0.010280523 -0.027138885 -1.560740471 -0.010653491 0.999850273 -0.013634290 -1.135929108 0.026994655 0.013917671 0.999538660 56.797756195
0.999604702 0.008074898 -0.026929699 -1.588880420 -0.008382993 0.999900460 -0.011347468 -1.164322972 0.026835389 0.011568734 0.999572933 57.896945953
0.999625504 0.006696058 -0.026533330 -1.627191424 -0.006846658 0.999960959 -0.005589084 -1.187519431 0.026494870 0.005768656 0.999632299 58.985725403
0.999625981 0.005411667 -0.026806010 -1.647109509 -0.005401423 0.999985337 0.000454558 -1.214482188 0.026808077 -0.000309598 0.999640524 60.069007874
0.999641836 0.003480101 -0.026534706 -1.679085970 -0.003457461 0.999993622 0.000899019 -1.231581211 0.026537666 -0.000806954 0.999647498 61.175457001
0.999648392 0.000229474 -0.026514504 -1.706661940 -0.000288646 0.999997497 -0.002227888 -1.246417642 0.026513927 0.002234758 0.999645948 62.265274048
0.999650002 -0.001190102 -0.026427453 -1.741933346 0.001050465 0.999985397 -0.005297057 -1.266993999 0.026433373 0.005267442 0.999636710 63.353561401
0.999655008 0.001190808 -0.026237842 -1.779592991 -0.001434473 0.999956012 -0.009269906 -1.297845602 0.026225649 0.009304346 0.999612749 64.457107544
0.999655008 0.001325009 -0.026231656 -1.811036825 -0.001682749 0.999905825 -0.013620351 -1.320864439 0.026211139 0.013659793 0.999563098 65.545051575
0.999670088 0.004344119 -0.025314230 -1.856118083 -0.004701798 0.999889731 -0.014087204 -1.351625562 0.025250241 0.014201579 0.999580264 66.639465332
0.999663413 0.007894233 -0.024713146 -1.889571190 -0.008159902 0.999909818 -0.010667783 -1.385055900 0.024626702 0.010865849 0.999637663 67.759132385
0.999656916 0.009301325 -0.024485465 -1.928244114 -0.009506415 0.999920607 -0.008272910 -1.414029598 0.024406571 0.008502841 0.999665976 68.855369568
0.999664009 0.008354773 -0.024536371 -1.957086444 -0.008543750 0.999934554 -0.007607196 -1.438510537 0.024471208 0.007814273 0.999669969 69.949234009
0.999666035 0.007321416 -0.024782432 -1.982723832 -0.007493812 0.999948323 -0.006870658 -1.467445612 0.024730848 0.007054079 0.999669254 71.066780090
0.999673009 0.006299941 -0.024783144 -2.016846180 -0.006435518 0.999964714 -0.005394591 -1.494578481 0.024748284 0.005552320 0.999678314 72.157325745
0.999669552 0.004689549 -0.025274275 -2.048964500 -0.004775016 0.999983072 -0.003322294 -1.519334674 0.025258267 0.003441882 0.999675035 73.260414124
0.999653697 0.003716855 -0.026050786 -2.075966358 -0.003762480 0.999991477 -0.001702606 -1.546420217 0.026044235 0.001800032 0.999659181 74.360206604
0.999650300 0.003216387 -0.026248459 -2.115597725 -0.003294754 0.999990225 -0.002942893 -1.570486069 0.026238738 0.003028346 0.999651134 75.455825806
0.999629676 0.002995314 -0.027046127 -2.147158146 -0.003178230 0.999972343 -0.006722675 -1.595933795 0.027025243 0.006806144 0.999611557 76.536331177
0.999607384 0.003824300 -0.027756220 -2.181025743 -0.004066575 0.999954104 -0.008677472 -1.625052571 0.027721761 0.008786939 0.999577045 77.627258301
0.999583125 0.005676047 -0.028307522 -2.219347954 -0.005874969 0.999958575 -0.006948968 -1.649622202 0.028266907 0.007112377 0.999575078 78.707832336
0.999561906 0.006900954 -0.028781865 -2.260199070 -0.006982606 0.999971867 -0.002737380 -1.674957752 0.028762165 0.002937153 0.999581993 79.796478271
0.999534667 0.008332466 -0.029343776 -2.302079439 -0.008303651 0.999964893 0.001103722 -1.694504023 0.029351944 -0.000859548 0.999568760 80.868209839
0.999518991 0.009329040 -0.029575558 -2.345817804 -0.009276406 0.999955118 0.001916356 -1.719355583 0.029592110 -0.001641079 0.999560714 81.949317932
0.999499679 0.008842951 -0.030368639 -2.378592968 -0.008846330 0.999960899 0.000023106 -1.742524147 0.030367656 0.000245557 0.999538779 83.028549194
0.999490499 0.008899710 -0.030652225 -2.424074173 -0.008928226 0.999959826 -0.000793546 -1.759859443 0.030643933 0.001066812 0.999529779 84.089912415
0.999493062 0.008408349 -0.030706782 -2.471696854 -0.008442561 0.999963880 -0.000984666 -1.781256914 0.030697394 0.001243411 0.999527931 85.142921448
0.999447584 0.006796422 -0.032532081 -2.486294031 -0.006818180 0.999976575 -0.000557915 -1.806423545 0.032527529 0.000779417 0.999470532 86.190124512
0.999437451 0.005607950 -0.033064745 -2.524273634 -0.005587771 0.999984145 0.000702665 -1.822900295 0.033068161 -0.000517512 0.999452949 87.215492249
0.999414504 0.005788885 -0.033720866 -2.564420462 -0.005681404 0.999978483 0.003282317 -1.842077732 0.033739142 -0.003088814 0.999425888 88.217750549
0.999394655 0.004899653 -0.034442522 -2.602999687 -0.004752605 0.999979258 0.004349935 -1.863793492 0.034463119 -0.004183610 0.999397218 89.212707520
0.999329269 0.003796963 -0.036422096 -2.645994902 -0.003627050 0.999982238 0.004730070 -1.880325079 0.036439411 -0.004594792 0.999325275 90.165946960
0.999213338 0.003040837 -0.039540041 -2.691017628 -0.002897766 0.999989033 0.003675174 -1.900156021 0.039550781 -0.003557705 0.999211252 91.098098755
0.999071836 0.003013598 -0.042969152 -2.734967947 -0.002896899 0.999991953 0.002777876 -1.917612076 0.042977177 -0.002650820 0.999072552 92.033012390
0.998938620 0.002687155 -0.045982622 -2.780683517 -0.002530223 0.999990761 0.003470720 -1.937585711 0.045991525 -0.003350690 0.998936236 92.927459717
0.998794913 0.004105204 -0.048906237 -2.830986500 -0.003894050 0.999982715 0.004412024 -1.954246998 0.048923500 -0.004216264 0.998793602 93.795028687
0.998620391 0.004735361 -0.052296542 -2.881801844 -0.004463105 0.999975860 0.005321550 -1.969340801 0.052320480 -0.005080803 0.998617411 94.646507263
0.998449206 0.005974792 -0.055348631 -2.930759430 -0.005609391 0.999961436 0.006754808 -1.982525945 0.055386856 -0.006433860 0.998444259 95.461402893
0.998305380 0.007566174 -0.057698164 -2.991014004 -0.007146940 0.999946594 0.007468873 -1.995430112 0.057751592 -0.007043851 0.998306155 96.254806519
0.998123527 0.009443441 -0.060499746 -3.036937237 -0.008949416 0.999924421 0.008431520 -2.020013332 0.060574796 -0.007874262 0.998132586 97.014839172
0.997934341 0.011155905 -0.063265815 -3.089872837 -0.010715275 0.999915957 0.007299779 -2.033494711 0.063341931 -0.006606790 0.997969985 97.747245789
0.997762084 0.012566633 -0.065672651 -3.146287918 -0.012343327 0.999916553 0.003804952 -2.051491499 0.065714985 -0.002985817 0.997833967 98.438690186
0.997549415 0.015391431 -0.068251915 -3.202386141 -0.015411236 0.999881208 0.000236385 -2.066951752 0.068247445 0.000816040 0.997668087 99.114311218
0.997373641 0.016782530 -0.070456892 -3.246312380 -0.017015737 0.999851525 -0.002711003 -2.079621553 0.070400938 0.003902759 0.997511148 99.759986877
0.997289717 0.018935636 -0.071096152 -3.308851719 -0.019236332 0.999808669 -0.003547070 -2.097549438 0.071015388 0.004905086 0.997463167 100.395736694
0.997311950 0.021472029 -0.070055865 -3.361093044 -0.021745326 0.999758601 -0.003140737 -2.110811949 0.069971517 0.004655682 0.997538149 100.983924866
0.997452915 0.025325004 -0.066681124 -3.413421392 -0.025492845 0.999673605 -0.001667268 -2.126793146 0.066617139 0.003362912 0.997772932 101.552047729
0.997687161 0.027756466 -0.062047400 -3.434516668 -0.027826818 0.999612749 -0.000269832 -2.140788078 0.062015880 0.001995790 0.998073161 102.097091675
0.998119831 0.028677577 -0.054170161 -3.470551252 -0.028623225 0.999588668 0.001779102 -2.153033733 0.054198902 -0.000225233 0.998530149 102.623939514
0.998604774 0.028411902 -0.044511572 -3.490890741 -0.028247936 0.999591649 0.004308496 -2.168951750 0.044615805 -0.003045124 0.998999596 103.135444641
0.999063849 0.028100282 -0.032890398 -3.497734308 -0.027925152 0.999593377 0.005772042 -2.184338093 0.033039220 -0.004848169 0.999442279 103.594818115
0.999447227 0.026974823 -0.019432208 -3.498021841 -0.026871836 0.999623537 0.005541650 -2.188579082 0.019574378 -0.005016407 0.999795794 104.044212341
0.999632955 0.026717510 -0.004482390 -3.486001253 -0.026697196 0.999633312 0.004532061 -2.196840763 0.004601832 -0.004410730 0.999979675 104.481857300
0.999586344 0.025278842 0.013716639 -3.472468615 -0.025304118 0.999678373 0.001672322 -2.208982706 -0.013669954 -0.002018717 0.999904513 104.906761169
0.999073803 0.025057010 0.034981593 -3.441948414 -0.024968512 0.999683857 -0.002964468 -2.221764088 -0.035044815 0.002088284 0.999383569 105.326148987
0.997998893 0.022939948 0.058923401 -3.389353275 -0.022512447 0.999715269 -0.007908897 -2.230227470 -0.059088055 0.006566560 0.998231173 105.729728699
0.996085167 0.020498414 0.085989162 -3.329435587 -0.019660939 0.999750793 -0.010574998 -2.243849754 -0.086184502 0.008842971 0.996239960 106.143531799
0.993023872 0.017952072 0.116538972 -3.270429611 -0.016667882 0.999789238 -0.011984700 -2.253494024 -0.116729565 0.009958635 0.993113816 106.538650513
0.988735318 0.015707206 0.148848057 -3.181514978 -0.013822656 0.999810755 -0.013687017 -2.269713879 -0.149034888 0.011475362 0.988765359 106.912719727
0.982799768 0.012425004 0.184255958 -3.079842329 -0.009885563 0.999843180 -0.014694376 -2.294085026 -0.184409633 0.012620156 0.982768476 107.285865784
0.974795640 0.009805303 0.222884104 -2.988926172 -0.006532671 0.999859810 -0.015415677 -2.298685551 -0.223004028 0.013571106 0.974723041 107.585083008
0.964805186 0.007405794 0.262861311 -2.854998112 -0.003257671 0.999863267 -0.016212976 -2.315897226 -0.262945443 0.014786048 0.964697421 107.942825317
0.952357590 0.008153367 0.304874569 -2.719644070 -0.003066944 0.999848068 -0.017158864 -2.331800699 -0.304968148 0.015406342 0.952237904 108.286697388
0.936974704 0.010492611 0.349239558 -2.571270466 -0.004585226 0.999832153 -0.017737420 -2.344300747 -0.349367052 0.015018173 0.936865568 108.614128113
0.919151306 0.010406309 0.393767267 -2.400554657 -0.004201838 0.999853134 -0.016615542 -2.355808496 -0.393882334 0.013617650 0.919059992 108.937843323
0.898864985 0.009278229 0.438127488 -2.218916416 -0.002933651 0.999880850 -0.015155791 -2.370663881 -0.438215911 0.012337698 0.898785114 109.232505798
0.875581026 0.008902727 0.482989281 -2.017876148 -0.001370552 0.999871910 -0.015945606 -2.381777763 -0.483069390 0.013299708 0.875481069 109.532012939
0.850442767 0.009462889 0.525982499 -1.804546356 -0.000049576 0.999839664 -0.017907841 -2.396565437 -0.526067615 0.015203517 0.850306869 109.802444458
0.822735429 0.011383520 0.568310499 -1.575219154 0.001237357 0.999761224 -0.021816982 -2.408241749 -0.568423152 0.018652808 0.822524905 110.081703186
0.791362047 0.015848530 0.611142337 -1.336517334 -0.000092684 0.999666989 -0.025803983 -2.429169893 -0.611347795 0.020363649 0.791099966 110.370086670
0.757750750 0.022045778 0.652171552 -1.068811417 -0.002745477 0.999527991 -0.030597756 -2.433504820 -0.652538300 0.021394951 0.757453680 110.641128540
0.720341444 0.027149227 0.693088114 -0.806564331 -0.004801128 0.999404907 -0.034158166 -2.437607288 -0.693602979 0.021277938 0.720043123 110.869842529
0.680779457 0.027325647 0.731978595 -0.513006210 -0.002520236 0.999385357 -0.034964316 -2.452136755 -0.732484102 0.021958230 0.680429935 111.094490051
0.639572978 0.024716286 0.768333018 -0.197536469 0.002229765 0.999419153 -0.034006126 -2.461414814 -0.768727183 0.023462601 0.639146328 111.303375244
0.595405161 0.022616833 0.803107202 0.127841949 0.003857459 0.999511719 -0.031007743 -2.472542763 -0.803416371 0.021560123 0.595027208 111.497436523
0.549357831 0.021304810 0.835315526 0.469215393 0.004382260 0.999587715 -0.028376648 -2.488063335 -0.835575700 0.019249504 0.549037933 111.673110962
0.501892924 0.018796025 0.864725530 0.815345764 0.005540463 0.999673486 -0.024945034 -2.501931906 -0.864912033 0.017310716 0.501624942 111.815307617
0.449490607 0.015783815 0.893145680 1.137596130 0.007291822 0.999745727 -0.021337403 -2.512587070 -0.893255353 0.016103623 0.449261248 111.962028503
0.396992326 0.016102223 0.917680740 1.517211914 0.005155011 0.999791205 -0.019773066 -2.524938583 -0.917807519 0.012580411 0.396826446 112.102226257
0.345689118 0.020931147 0.938115656 1.900764465 0.001225964 0.999740243 -0.022757869 -2.541713953 -0.938348353 0.009017242 0.345573664 112.213043213
0.295891523 0.025902342 0.954870343 2.303337097 0.001494889 0.999618471 -0.027579440 -2.550903320 -0.955220401 0.009587951 0.295739949 112.300750732
0.249134839 0.028686315 0.968043983 2.739616394 0.003670510 0.999526083 -0.030563874 -2.552907705 -0.968461931 0.011167743 0.248911500 112.388076782
0.208421886 0.028022811 0.977637410 3.106277466 0.009334173 0.999486923 -0.030639047 -2.583251953 -0.977994442 0.015511286 0.208053410 112.409500122
0.172537327 0.027643504 0.984615028 3.508850098 0.017697355 0.999357760 -0.031158580 -2.597136736 -0.984844029 0.022801099 0.171937287 112.459053040
0.142005980 0.028891535 0.989444077 3.959548950 0.022033071 0.999234080 -0.032339610 -2.609871626 -0.989620566 0.026392912 0.141260624 112.495803833
0.114140630 0.027278448 0.993090212 4.430343628 0.020114021 0.999354601 -0.029762328 -2.627746820 -0.993261158 0.023372127 0.113518238 112.530189514
0.088734150 0.023592154 0.995775998 4.915664673 0.014081267 0.999589860 -0.024937306 -2.643935680 -0.995955884 0.016234580 0.088365555 112.566177368
0.064985394 0.019723937 0.997691274 5.433853149 0.009222911 0.999750078 -0.020365380 -2.659626961 -0.997843564 0.010525068 0.064787209 112.592201233
0.042519867 0.017048705 0.998950303 5.952323914 0.013510671 0.999753177 -0.017637488 -2.680418491 -0.999004364 0.014246431 0.042279005 112.590026855
0.022019982 0.018183568 0.999592185 6.497184753 0.020586586 0.999614358 -0.018637475 -2.699437618 -0.999545574 0.020988587 0.021637142 112.596176147
0.004442096 0.020719387 0.999775589 7.047332764 0.025275216 0.999463618 -0.020825228 -2.715693235 -0.999670804 0.025362050 0.003916025 112.580589294
-0.010145664 0.025906054 0.999612987 7.623992920 0.025687663 0.999341190 -0.025638295 -2.731735706 -0.999618649 0.025417604 -0.010804415 112.573852539
-0.020501852 0.030368539 0.999328554 8.207420349 0.024090359 0.999263406 -0.029872332 -2.746298075 -0.999499619 0.023461746 -0.021218419 112.550292969
-0.027226090 0.030578686 0.999161482 8.862922668 0.025484459 0.999228358 -0.029886307 -2.761082649 -0.999304414 0.024649404 -0.027984381 112.545417786
-0.030061245 0.027449165 0.999171138 9.501159668 0.031444062 0.999154091 -0.026502669 -2.781914234 -0.999053419 0.030621298 -0.030898929 112.521629333
-0.029330969 0.025584793 0.999242425 10.156074524 0.033461679 0.999137223 -0.024599899 -2.804381371 -0.999009669 0.032714788 -0.030161738 112.493530273
-0.027587771 0.025343429 0.999298096 10.836708069 0.031935453 0.999190629 -0.024459058 -2.830430984 -0.999109149 0.031238267 -0.028374791 112.484382629
-0.026196241 0.025721062 0.999325931 11.531379700 0.028952163 0.999269128 -0.024960658 -2.850515366 -0.999237537 0.028278776 -0.026921749 112.475624084
-0.025350094 0.026945250 0.999315500 12.237548828 0.027137088 0.999286830 -0.026256081 -2.873796463 -0.999310255 0.026452916 -0.026063204 112.473373413
-0.024498463 0.027729642 0.999315202 12.960624695 0.026455663 0.999283135 -0.027080182 -2.903583288 -0.999349773 0.025774121 -0.025214553 112.459785461
-0.023264885 0.027397653 0.999353886 13.720642090 0.026495548 0.999290168 -0.026779095 -2.927345753 -0.999378204 0.025855418 -0.023974299 112.438430786
-0.022987127 0.026142014 0.999393940 14.485572815 0.025399057 0.999350667 -0.025556678 -2.951208115 -0.999413073 0.024796190 -0.023636222 112.433273315
-0.022220850 0.024855124 0.999444067 15.248901367 0.026299728 0.999359488 -0.024268294 -2.980544090 -0.999407113 0.025745844 -0.022860408 112.411979675
-0.022705197 0.022532586 0.999488294 16.048896790 0.026238259 0.999415040 -0.021934886 -3.007883787 -0.999397874 0.025726797 -0.023283243 112.398193359
-0.024203658 0.020775896 0.999491215 16.829933167 0.023994714 0.999508083 -0.020195194 -3.037360191 -0.999419153 0.023493709 -0.024690270 112.391258240
-0.025639653 0.019530810 0.999480486 17.624137878 0.022828974 0.999559820 -0.018946731 -3.063974619 -0.999410629 0.022331325 -0.026074290 112.379219055
-0.026408315 0.017301941 0.999501646 18.431961060 0.025524599 0.999535918 -0.016628144 -3.083838224 -0.999325514 0.025072757 -0.026837707 112.348320007
-0.027650476 0.015693169 0.999494433 19.253128052 0.026855201 0.999527514 -0.014950751 -3.107212543 -0.999256849 0.026428228 -0.028058887 112.326744080
-0.029965520 0.014682510 0.999443293 20.069953918 0.024240848 0.999608696 -0.013958154 -3.134805202 -0.999257147 0.023809088 -0.030309677 112.314224243
-0.030480981 0.019393481 0.999347270 20.896110535 0.021053091 0.999602377 -0.018756298 -3.158778429 -0.999313712 0.020467641 -0.030877113 112.293418884
-0.030954957 0.024293233 0.999225676 21.732688904 0.022816468 0.999461293 -0.023592139 -3.185118675 -0.999260485 0.022068510 -0.031492591 112.260833740
-0.031959057 0.025710182 0.999158502 22.572715759 0.022986492 0.999423623 -0.024981761 -3.215894461 -0.999224901 0.022168754 -0.032531619 112.234184265
-0.034078836 0.023429580 0.999144673 23.421798706 0.019561220 0.999549270 -0.022771884 -3.247166634 -0.999227881 0.018768450 -0.034521699 112.220306396
-0.035298824 0.019172221 0.999193013 24.275070190 0.016574334 0.999689698 -0.018596228 -3.278616905 -0.999239445 0.015904535 -0.035605550 112.206222534
-0.035025120 0.014078735 0.999287248 25.113586426 0.014710641 0.999799728 -0.013570345 -3.306598425 -0.999278128 0.014224853 -0.035225153 112.170562744
-0.035501003 0.008507671 0.999333382 25.970893860 0.011280464 0.999903500 -0.008111789 -3.328420639 -0.999305964 0.010984968 -0.035593510 112.151473999
-0.035298228 0.006785568 0.999353886 26.807136536 0.008753528 0.999940693 -0.006480370 -3.357896805 -0.999338627 0.008519126 -0.035355568 112.131027222
-0.034235358 0.013796460 0.999318600 27.638412476 0.011425836 0.999844790 -0.013412290 -3.385975361 -0.999348521 0.010958876 -0.034387708 112.099044800
-0.032674313 0.025134224 0.999150038 28.475502014 0.014238063 0.999594033 -0.024679778 -3.409212828 -0.999364674 0.013419566 -0.033018947 112.059219360
-0.032055497 0.030508336 0.999020517 29.311103821 0.016132139 0.999419630 -0.030002899 -3.432313919 -0.999356031 0.015154582 -0.032529116 112.039932251
-0.031079292 0.024583163 0.999214590 30.149711609 0.017533699 0.999557078 -0.024046225 -3.476049662 -0.999363124 0.016772589 -0.031496525 112.022186279
-0.029770970 0.016841535 0.999415040 30.988609314 0.020591356 0.999656200 -0.016232219 -3.508193493 -0.999344766 0.020096060 -0.030107617 111.990036011
-0.028825045 0.013785095 0.999489427 31.826042175 0.022252696 0.999665976 -0.013145768 -3.536824703 -0.999336779 0.021862408 -0.029122114 111.964874268
-0.029366612 0.014772756 0.999459624 32.640472412 0.021329569 0.999672353 -0.014149188 -3.561460018 -0.999341190 0.020902529 -0.029672027 111.949089050
-0.030656219 0.015768245 0.999405563 33.466506958 0.017520063 0.999730408 -0.015235954 -3.584839821 -0.999376416 0.017042574 -0.030924201 111.933586121
-0.032940149 0.015719671 0.999333858 34.281768799 0.015408361 0.999765456 -0.015218574 -3.612374783 -0.999338686 0.014896795 -0.033174634 111.915031433
-0.035109162 0.015764821 0.999259174 35.104232788 0.015311323 0.999766707 -0.015234862 -3.640709877 -0.999266267 0.014765096 -0.035342455 111.892471313
-0.037946224 0.015994292 0.999151766 35.922447205 0.013793265 0.999785006 -0.015480584 -3.667694569 -0.999184549 0.013194137 -0.038158655 111.879409790
-0.039249182 0.016456105 0.999093950 36.724212646 0.011859049 0.999801636 -0.016001880 -3.691232204 -0.999159038 0.011220242 -0.039436579 111.842254639
-0.041506767 0.015590366 0.999016702 37.532356262 0.010232018 0.999832451 -0.015177983 -3.716870070 -0.999085903 0.009591969 -0.041659355 111.817626953
-0.043731451 0.014438678 0.998939037 38.322624207 0.010372786 0.999848247 -0.013997721 -3.744890213 -0.998989522 0.009749640 -0.043874621 111.787612915
-0.044910669 0.014008298 0.998892784 39.092964172 0.010050704 0.999857426 -0.013569941 -3.780889511 -0.998940408 0.009430139 -0.045045137 111.741760254
-0.046977639 0.015353780 0.998777926 39.888938904 0.010318723 0.999835968 -0.014884703 -3.798802853 -0.998842657 0.009606865 -0.047128320 111.713897705
-0.047819853 0.015523068 0.998735428 40.664398193 0.010805172 0.999828756 -0.015022707 -3.824965715 -0.998797596 0.010073125 -0.047979355 111.676559448
-0.048949957 0.014632819 0.998694062 41.443420410 0.012455009 0.999823868 -0.014038904 -3.849062920 -0.998723567 0.011751539 -0.049123645 111.638870239
-0.050510764 0.013799062 0.998628318 42.209693909 0.012912827 0.999830008 -0.013162537 -3.876336098 -0.998640180 0.012230264 -0.050680280 111.603698730
-0.052119493 0.013012093 0.998556137 42.970611572 0.011214300 0.999859691 -0.012443752 -3.906745911 -0.998577952 0.010549546 -0.052258134 111.570007324
-0.053136110 0.012235932 0.998512328 43.723983765 0.009572379 0.999885201 -0.011743360 -3.929676056 -0.998541415 0.008934143 -0.053247094 111.538558960
-0.054360151 0.011161256 0.998459041 44.465217590 0.008448224 0.999906898 -0.010717485 -3.952013969 -0.998485684 0.007852601 -0.054449439 111.510665894
-0.055118561 0.010788756 0.998421609 45.173271179 0.008370860 0.999911487 -0.010342738 -3.977506876 -0.998444855 0.007787571 -0.055204034 111.472816467
-0.055547595 0.013315049 0.998367429 45.882247925 0.008244804 0.999883115 -0.012876538 -4.002538681 -0.998422146 0.007516083 -0.055650949 111.444381714
-0.055289149 0.016062841 0.998341203 46.610877991 0.008627988 0.999840915 -0.015609145 -4.024240971 -0.998433113 0.007750661 -0.055418968 111.403488159
-0.055593848 0.017684245 0.998296857 47.311248779 0.007130396 0.999824643 -0.017314227 -4.047437668 -0.998428047 0.006155687 -0.055710196 111.374237061
-0.055868268 0.018368660 0.998269260 48.009719849 0.006982186 0.999813497 -0.018006317 -4.074327469 -0.998413801 0.005964120 -0.055986047 111.339103699
-0.055724859 0.018187547 0.998280704 48.709358215 0.008500504 0.999806464 -0.017740844 -4.098800182 -0.998410165 0.007497285 -0.055868745 111.300933838
-0.055960178 0.017775601 0.998274922 49.400474548 0.008695471 0.999812245 -0.017315537 -4.123092175 -0.998395324 0.007711491 -0.056104302 111.264648438
-0.056495428 0.017995620 0.998240650 50.090354919 0.005056150 0.999829888 -0.017738117 -4.145220757 -0.998390079 0.004045132 -0.056576848 111.238021851
-0.056553125 0.018121986 0.998235285 50.774070740 0.002544049 0.999834597 -0.018006895 -4.173289299 -0.998396516 0.001521215 -0.056589961 111.210708618
-0.056100249 0.016549315 0.998288095 51.449180603 0.004742429 0.999855757 -0.016308798 -4.201608181 -0.998413980 0.003819384 -0.056170583 111.168212891
-0.056961179 0.016036892 0.998247564 52.126060486 0.004733334 0.999864101 -0.015792772 -4.224250793 -0.998365164 0.003825464 -0.057029366 111.129592896
-0.060538650 0.015420114 0.998046815 52.793457031 0.001314170 0.999881029 -0.015368740 -4.248199463 -0.998165011 0.000381200 -0.060551763 111.096298218
-0.066012383 0.014888035 0.997707784 53.474723816 -0.002433204 0.999883294 -0.015081489 -4.273366928 -0.997815907 -0.003423189 -0.065968394 111.066909790
-0.071574807 0.019023459 0.997253895 54.132865906 0.001531543 0.999819040 -0.018962473 -4.292929649 -0.997434139 0.000170102 -0.071591020 111.012191772
-0.077908397 0.021628965 0.996726036 54.801345825 0.003235025 0.999764860 -0.021442048 -4.316530228 -0.996955395 0.001553922 -0.077960014 110.946411133
-0.085346818 0.023385949 0.996076882 55.477226257 0.002606658 0.999726295 -0.023248287 -4.340673447 -0.996347964 0.000612266 -0.085384488 110.893081665
-0.091790676 0.022112576 0.995532751 56.137733459 -0.001611776 0.999748826 -0.022354832 -4.367947102 -0.995777011 -0.003656539 -0.091731906 110.839187622
-0.096803427 0.021100339 0.995079994 56.824043274 -0.001647387 0.999770463 -0.021360064 -4.391119957 -0.995302320 -0.003707005 -0.096746445 110.770805359
-0.101454616 0.021714814 0.994603336 57.518707275 -0.003892675 0.999745429 -0.022224154 -4.413957119 -0.994832754 -0.006126405 -0.101344228 110.705764771
-0.105613828 0.021062989 0.994184256 58.208335876 -0.006096684 0.999743164 -0.021828422 -4.435771942 -0.994388640 -0.008366607 -0.105458260 110.641387939
-0.108106256 0.017606456 0.993983507 58.919395447 -0.005956084 0.999813735 -0.018357513 -4.461739540 -0.994121552 -0.007904810 -0.107981324 110.563598633
-0.109683394 0.014586234 0.993859708 59.645164490 -0.004341312 0.999875724 -0.015153642 -4.487735748 -0.993957281 -0.005976754 -0.109606385 110.482269287
-0.111386299 0.011726037 0.993708014 60.353660583 -0.004543461 0.999913931 -0.012308553 -4.511796951 -0.993766785 -0.005885879 -0.111323357 110.404312134
-0.112592220 0.011624272 0.993573308 61.080764771 -0.005084915 0.999911726 -0.012274654 -4.527781487 -0.993628263 -0.006434266 -0.112523198 110.327819824
-0.113020539 0.015026583 0.993479073 61.812370300 -0.003447463 0.999873698 -0.015515495 -4.551443100 -0.993586719 -0.005178552 -0.112954497 110.246871948
-0.113396764 0.018846793 0.993371129 62.563133240 0.001785676 0.999822319 -0.018765349 -4.578082085 -0.993548334 -0.000354087 -0.113410234 110.165176392
-0.113870978 0.023691980 0.993213177 63.293495178 0.009315232 0.999697149 -0.022778669 -4.606437683 -0.993452013 0.006658183 -0.114057183 110.067924500
-0.114803433 0.025002865 0.993073523 64.040992737 0.010005137 0.999661624 -0.024012100 -4.629270554 -0.993337810 0.007179165 -0.115014791 109.980758667
-0.115219116 0.022494899 0.993085384 64.791213989 0.007777120 0.999733329 -0.021743173 -4.657438278 -0.993309677 0.005218115 -0.115363240 109.901863098
-0.114921927 0.017418722 0.993221819 65.543769836 0.008248922 0.999828517 -0.016580135 -4.684747696 -0.993340313 0.006287588 -0.115045905 109.816581726
-0.115183949 0.015637437 0.993221223 66.294128418 0.010386821 0.999840379 -0.014537091 -4.708636284 -0.993290007 0.008641971 -0.115328074 109.730316162
-0.116049290 0.015551381 0.993121803 67.044097900 0.011030149 0.999835968 -0.014367615 -4.732656002 -0.993182302 0.009286932 -0.116201758 109.641952515
-0.117889762 0.016401641 0.992891252 67.788299561 0.009622080 0.999835491 -0.015373887 -4.757583141 -0.992980123 0.007741255 -0.118028283 109.563087463
-0.120004177 0.017137624 0.992625654 68.524703979 0.008813322 0.999830008 -0.016196517 -4.780824184 -0.992734432 0.006804680 -0.120134830 109.478622437
-0.122442126 0.017213743 0.992326379 69.257308960 0.009779640 0.999821961 -0.016137069 -4.808042049 -0.992427468 0.007728738 -0.122588634 109.389450073
-0.124188662 0.017517654 0.992103994 69.998710632 0.010227817 0.999813616 -0.016373497 -4.829747200 -0.992205918 0.008113655 -0.124344707 109.297241211
-0.126151800 0.017183602 0.991862118 70.753089905 0.010093958 0.999820411 -0.016037658 -4.856031895 -0.991959572 0.007988636 -0.126302600 109.203964233
-0.127771020 0.017447194 0.991650283 71.500549316 0.008168706 0.999829888 -0.016538596 -4.878635406 -0.991770148 0.005987347 -0.127891779 109.111984253
-0.128966331 0.019023091 0.991466522 72.258026123 0.007869332 0.999804139 -0.018159449 -4.903110504 -0.991617739 0.005460222 -0.129090667 109.019798279
-0.129563212 0.019314617 0.991383195 73.008819580 0.006942655 0.999803424 -0.018571338 -4.928234100 -0.991547048 0.004476673 -0.129671812 108.921104431
-0.130896211 0.019663561 0.991201103 73.774040222 0.006636929 0.999798238 -0.018957654 -4.949150562 -0.991373897 0.004097049 -0.131000280 108.825767517
-0.132214904 0.018013535 0.991057456 74.556823730 0.007034333 0.999826729 -0.017234491 -4.972366333 -0.991196215 0.004692771 -0.132318735 108.730773926
-0.133139610 0.015696036 0.990973115 75.341400146 0.005217935 0.999871850 -0.015135944 -4.995155811 -0.991083682 0.003155642 -0.133204460 108.631500244
-0.135252953 0.013798814 0.990715086 76.130157471 0.001798102 0.999904811 -0.013681333 -5.014305592 -0.990809560 -0.000069033 -0.135264874 108.538032532
-0.137145162 0.013228202 0.990462720 76.923065186 0.003803192 0.999910474 -0.012827773 -5.036930084 -0.990543723 0.002007653 -0.137183189 108.425529480
-0.138684034 0.013979005 0.990238190 77.717002869 0.004923988 0.999897718 -0.013425760 -5.059170723 -0.990324616 0.003013984 -0.138738632 108.317153931
-0.141039371 0.015401274 0.989884198 78.514511108 0.004402318 0.999878883 -0.014929532 -5.078992367 -0.989994228 0.002252131 -0.141090155 108.209236145
-0.142534256 0.018606996 0.989615083 79.311096191 0.005583889 0.999822497 -0.017994674 -5.110156059 -0.989774287 0.002961045 -0.142612815 108.094245911
-0.143191218 0.022540452 0.989438474 80.128349304 0.008215601 0.999733210 -0.021586023 -5.132969856 -0.989661098 0.005037903 -0.143338203 107.986694336
-0.144292831 0.026340881 0.989184380 80.944290161 0.008371656 0.999642372 -0.025398189 -5.173673153 -0.989499629 0.004616337 -0.144461751 107.864028931
-0.144205213 0.027563240 0.989163935 81.772003174 0.010640845 0.999597371 -0.026302699 -5.202606201 -0.989490628 0.006732553 -0.144440413 107.747009277
-0.143581271 0.026507273 0.989283502 82.609329224 0.013871137 0.999596953 -0.024770407 -5.239039421 -0.989541352 0.010165920 -0.143891096 107.626937866
-0.143364310 0.024775527 0.989359796 83.423126221 0.014707927 0.999629557 -0.022901431 -5.270268440 -0.989560664 0.011268182 -0.143675566 107.504432678
-0.142255425 0.023095008 0.989560425 84.258132935 0.013830554 0.999676526 -0.021342874 -5.301185608 -0.989733219 0.010650028 -0.142528772 107.383880615
-0.140859485 0.020660056 0.989814103 85.115776062 0.013377218 0.999730706 -0.018963346 -5.331069946 -0.989939332 0.010569794 -0.141097903 107.278686523
-0.139583588 0.017825393 0.990049958 85.968063354 0.014112683 0.999772191 -0.016010746 -5.355983734 -0.990109861 0.011737425 -0.139803290 107.167228699
-0.137883186 0.014215329 0.990346491 86.824523926 0.014105099 0.999823809 -0.012387551 -5.383028030 -0.990348101 0.012260901 -0.138059378 107.051811218
-0.136272907 0.013987636 0.990572572 87.679092407 0.012545561 0.999844491 -0.012392672 -5.412772179 -0.990591884 0.010738504 -0.136427164 106.944900513
-0.134411097 0.018250594 0.990757585 88.522354126 0.013580037 0.999770403 -0.016574282 -5.442118168 -0.990832627 0.011226757 -0.134628057 106.824089050
-0.132820845 0.024693362 0.990832448 89.382575989 0.014237359 0.999633968 -0.023004198 -5.467087746 -0.991037846 0.011051401 -0.133123875 106.721633911
-0.131215811 0.028065428 0.990956545 90.219757080 0.012096569 0.999570072 -0.026707634 -5.497183323 -0.991280079 0.008482710 -0.131498814 106.610809326
-0.129988313 0.025594998 0.991185188 91.081649780 0.010911248 0.999643147 -0.024382459 -5.527285576 -0.991455615 0.007645634 -0.130221248 106.508041382
