1.000000000 0.000000000 0.000000000 0.000000000 0.000000000 1.000000000 0.000000000 0.000000000 0.000000000 0.000000000 1.000000000 0.000000000
0.999996901 0.002481046 0.000286150 -0.013016124 -0.002481503 0.999995649 0.001608943 -0.017316537 -0.000282156 -0.001609648 0.999998689 0.763948083
0.999986112 0.005232980 0.000614094 -0.017193411 -0.005234234 0.999984205 0.002059313 -0.032290876 -0.000603308 -0.002062499 0.999997675 1.533569098
0.999978542 0.006441036 0.001209194 -0.028229853 -0.006443384 0.999977350 0.001947546 -0.049927738 -0.001196622 -0.001955295 0.999997377 2.267231464
0.999964833 0.008303890 0.001194448 -0.033080943 -0.008305728 0.999964297 0.001542842 -0.061117809 -0.001181594 -0.001552708 0.999998093 2.990109205
0.999961197 0.008628195 0.001786463 -0.044034667 -0.008630751 0.999961734 0.001427853 -0.076742381 -0.001774075 -0.001443216 0.999997377 3.699035406
0.999959350 0.008778994 0.002047729 -0.044478208 -0.008783811 0.999958634 0.002355148 -0.088200934 -0.002026968 -0.002373039 0.999995112 4.396254539
0.999949336 0.009719416 0.002619066 -0.046940133 -0.009732917 0.999939144 0.005192262 -0.100862406 -0.002568441 -0.005217490 0.999983072 5.073884010
0.999944925 0.009486930 0.004487051 -0.059502553 -0.009526595 0.999915004 0.008902627 -0.105465472 -0.004402210 -0.008944883 0.999950290 5.724062443
0.999948382 0.008444103 0.005652899 -0.056373060 -0.008514441 0.999885142 0.012536462 -0.116627775 -0.005546391 -0.012583947 0.999905407 6.352311134
0.999947071 0.007796596 0.006717477 -0.055013757 -0.007897686 0.999853969 0.015156081 -0.128721237 -0.006598330 -0.015208331 0.999862552 6.955548763
0.999934375 0.008539869 0.007637320 -0.038430657 -0.008650930 0.999855578 0.014629146 -0.134263188 -0.007511286 -0.014694256 0.999863803 7.553443432
0.999917924 0.009414359 0.008687511 -0.039911695 -0.009519236 0.999881327 0.012110871 -0.142622858 -0.008572464 -0.012192576 0.999888897 8.096807480
0.999913216 0.009025377 0.009599981 -0.037871417 -0.009113539 0.999916315 0.009179758 -0.148332641 -0.009516327 -0.009266451 0.999911785 8.623721123
0.999907255 0.007398454 0.011433338 -0.031941608 -0.007485769 0.999943018 0.007613111 -0.155294672 -0.011376360 -0.007697992 0.999905646 9.120625496
0.999904394 0.003825433 0.013289246 -0.017422641 -0.003893327 0.999979496 0.005086849 -0.157699645 -0.013269514 -0.005138102 0.999898732 9.597928047
0.999882400 0.001920002 0.015214947 -0.014446787 -0.001983228 0.999989450 0.004141488 -0.166615412 -0.015206835 -0.004171175 0.999875665 10.039515495
0.999835491 0.006325496 0.017000332 -0.009402128 -0.006357945 0.999978065 0.001855375 -0.173389062 -0.016988223 -0.001963157 0.999853790 10.449030876
0.999746084 0.010469481 0.019953603 -0.008401237 -0.010499653 0.999943912 0.001407975 -0.186732709 -0.019937743 -0.001617123 0.999799907 10.822106361
0.999671221 0.010925309 0.023195622 0.002857485 -0.010983658 0.999936819 0.002389601 -0.193312898 -0.023168050 -0.002643588 0.999728084 11.168136597
0.999629319 0.006576580 0.026418854 0.013711388 -0.006668578 0.999971986 0.003395670 -0.206547275 -0.026395781 -0.003570587 0.999645174 11.486551285
0.999579906 0.002210647 0.028899213 0.028479239 -0.002290772 0.999993622 0.002739745 -0.203457415 -0.028892972 -0.002804796 0.999578595 11.780947685
0.999510407 -0.001413744 0.031256258 0.047159526 0.001280205 0.999989986 0.004291989 -0.209569722 -0.031262010 -0.004249874 0.999502182 12.047132492
0.999425828 -0.002203866 0.033811416 0.058336813 0.002020906 0.999983132 0.005444426 -0.219669119 -0.033822846 -0.005372969 0.999413431 12.279932022
0.999354362 -0.001358408 0.035902489 0.063192099 0.001193250 0.999988616 0.004621217 -0.226169720 -0.035908356 -0.004575394 0.999344587 12.482543945
0.999286771 -0.000796150 0.037753433 0.076824501 0.000677138 0.999994755 0.003165028 -0.231552735 -0.037755754 -0.003137206 0.999282062 12.671469688
0.999175549 0.001309315 0.040577065 0.076850928 -0.001397198 0.999996722 0.002137541 -0.232915819 -0.040574133 -0.002192473 0.999174118 12.840327263
0.999086797 0.004075969 0.042531691 0.073086411 -0.004146257 0.999990165 0.001564534 -0.239478678 -0.042524897 -0.001739453 0.999093890 13.004539490
0.999028206 0.005883172 0.043680474 0.085318245 -0.005888937 0.999982655 0.000003295 -0.242987439 -0.043679696 -0.000260523 0.999045551 13.165364265
0.998934686 0.004954262 0.045880280 0.089073300 -0.004887635 0.999986827 -0.001564271 -0.250819147 -0.045887426 0.001338358 0.998945713 13.312497139
0.998886764 0.003316978 0.047055725 0.106016010 -0.003192996 0.999991238 -0.002709717 -0.256730705 -0.047064301 0.002556451 0.998888612 13.468128204
0.998799503 0.002555600 0.048918266 0.107620470 -0.002368848 0.999989688 -0.003875223 -0.256559908 -0.048927665 0.003754691 0.998795271 13.599134445
0.998764038 0.003262818 0.049596004 0.129279569 -0.003015724 0.999982655 -0.005056145 -0.265280604 -0.049611643 0.004900328 0.998756588 13.734852791
0.998680711 0.004207165 0.051177315 0.124712855 -0.003851054 0.999967694 -0.007054990 -0.270591468 -0.051205344 0.006848596 0.998664677 13.858212471
0.998624504 0.004287865 0.052255843 0.128815740 -0.003798319 0.999948025 -0.009463972 -0.269348502 -0.052293707 0.009252471 0.998588860 13.977047920
0.998593926 0.003633436 0.052886117 0.141979977 -0.003029765 0.999929368 -0.011490244 -0.276385158 -0.052924134 0.011313856 0.998534441 14.101840019
0.998628914 0.002837631 0.052271321 0.150838315 -0.002144896 0.999909222 -0.013304006 -0.280345559 -0.052304327 0.013173648 0.998544276 14.228722572
0.998715997 0.002338870 0.050605562 0.150766641 -0.001596341 0.999890566 -0.014708326 -0.281129330 -0.050634425 0.014608656 0.998610377 14.350863457
0.998878777 0.002502816 0.047275059 0.160267621 -0.001767993 0.999877095 -0.015579004 -0.284886032 -0.047308240 0.015477954 0.998760402 14.484153748
0.999060094 0.003025129 0.043240253 0.159642741 -0.002300723 0.999856353 -0.016793018 -0.288259506 -0.043284841 0.016677752 0.998923540 14.611146927
0.999290526 0.003039973 0.037539460 0.157664448 -0.002368799 0.999836802 -0.017910695 -0.289689332 -0.037587781 0.017809063 0.999134600 14.735630035
0.999522209 0.002939670 0.030768933 0.158924982 -0.002370703 0.999825835 -0.018511759 -0.294863462 -0.030817993 0.018429970 0.999355078 14.862632751
0.999717712 0.002955632 0.023575146 0.153285399 -0.002499437 0.999809504 -0.019356718 -0.296035916 -0.023627866 0.019292329 0.999534667 14.991924286
0.999874294 0.002865620 0.015594256 0.143715337 -0.002548659 0.999790549 -0.020307565 -0.299910128 -0.015649185 0.020265268 0.999672174 15.120635033
0.999981225 0.002197015 0.005715487 0.132073537 -0.002073630 0.999766588 -0.021504760 -0.302503705 -0.005761399 0.021492505 0.999752402 15.265030861
0.999970257 0.000164949 -0.007710085 0.128912687 -0.000341353 0.999738097 -0.022883879 -0.308424771 0.007704291 0.022885831 0.999708414 15.399085045
0.999724984 -0.000718963 -0.023439210 0.101290077 0.000121631 0.999675453 -0.025475787 -0.302096933 0.023449918 0.025465932 0.999400616 15.554979324
0.999091268 0.000307558 -0.042621206 0.071000956 -0.001426601 0.999655008 -0.026227610 -0.312652498 0.042598434 0.026264578 0.998746991 15.731409073
0.997916102 0.001309807 -0.064511925 0.052317005 -0.002981912 0.999661922 -0.025829863 -0.315023124 0.064456284 0.025968404 0.997582614 15.889485359
0.996096849 0.001670614 -0.088251136 0.008285720 -0.003820714 0.999699831 -0.024200121 -0.324721843 0.088184215 0.024442848 0.995804250 16.094974518
0.993348956 0.002969772 -0.115104437 -0.042132087 -0.005640709 0.999722183 -0.022885704 -0.327663898 0.115004495 0.023382761 0.993089736 16.318410873
0.989449799 0.003990577 -0.144821286 -0.116013817 -0.007043959 0.999763429 -0.020577157 -0.337222189 0.144704923 0.021380179 0.989243865 16.542390823
0.984092653 0.003954251 -0.177612111 -0.201888025 -0.007137686 0.999825060 -0.017288148 -0.339634866 0.177512676 0.018280879 0.983948708 16.787410736
0.976650059 0.005041839 -0.214777216 -0.268342435 -0.008061528 0.999880552 -0.013186018 -0.346971691 0.214685082 0.014609559 0.976574063 17.031843185
0.967144012 0.006767524 -0.254138947 -0.384341300 -0.009108526 0.999926209 -0.008035884 -0.348135501 0.254065812 0.010086688 0.967134356 17.294328690
0.955220282 0.010771312 -0.295699567 -0.512188256 -0.012266515 0.999919653 -0.003201819 -0.353068620 0.295641333 0.006685646 0.955275655 17.572416306
0.941016018 0.014080323 -0.338068962 -0.639947891 -0.014584607 0.999893069 0.001048511 -0.351540625 0.338047594 0.003943938 0.941120744 17.843618393
0.924381256 0.016166870 -0.381127238 -0.798337102 -0.014641305 0.999868989 0.006902168 -0.355590701 0.381188869 -0.000800035 0.924496830 18.124965668
0.905155778 0.019967180 -0.424610853 -0.965450466 -0.015069807 0.999775589 0.014889344 -0.367336094 0.424812853 -0.007078373 0.905253530 18.401233673
0.883450389 0.024612324 -0.467877835 -1.154315710 -0.016514294 0.999634564 0.021402532 -0.367452621 0.468233615 -0.011181405 0.883533955 18.675718307
0.858618498 0.030030809 -0.511734784 -1.354858875 -0.019315433 0.999468923 0.026244599 -0.371078610 0.512251139 -0.012649721 0.858742535 18.944766998
0.830592513 0.033140890 -0.555893660 -1.581722260 -0.020180503 0.999363184 0.029426517 -0.367879152 0.556514859 -0.013223234 0.830732405 19.216905594
0.799746990 0.036688752 -0.599215090 -1.828941703 -0.022489987 0.999261141 0.031166350 -0.362879962 0.599915802 -0.011448856 0.799981236 19.479478836
0.765828490 0.039455675 -0.641833365 -2.097597122 -0.022859009 0.999155402 0.034146357 -0.354771465 0.642638505 -0.011478581 0.766083539 19.748357773
0.728736043 0.043432411 -0.683415949 -2.405485153 -0.024107793 0.998995185 0.037781607 -0.339721143 0.684370160 -0.011057168 0.729050875 20.022903442
0.690102458 0.043443885 -0.722406507 -2.750903606 -0.021111362 0.998980284 0.039909083 -0.315425485 0.723403692 -0.012290371 0.690315962 20.299900055
0.649018288 0.043440897 -0.759531558 -3.104855537 -0.018641047 0.998976707 0.041207068 -0.301409572 0.760544419 -0.012585680 0.649163961 20.564384460
0.606765032 0.041871615 -0.793777704 -3.487217188 -0.012912394 0.998999059 0.042826746 -0.285547107 0.794776380 -0.015736198 0.606698334 20.809013367
0.561488152 0.041928366 -0.826421916 -3.881803274 -0.008104707 0.998946190 0.045174852 -0.272425085 0.827445149 -0.018667238 0.561236262 21.050983429
0.515999436 0.043615013 -0.855477870 -4.307381630 -0.006392643 0.998871148 0.047069810 -0.254675686 0.856565118 -0.018819230 0.515695691 21.249420166
0.466354549 0.043088011 -0.883547962 -4.764568329 -0.005287213 0.998930931 0.045924205 -0.231288493 0.884582162 -0.016745459 0.466083825 21.443693161
0.414209545 0.041980166 -0.909213006 -5.258593082 -0.000122964 0.998938322 0.046066951 -0.208730221 0.910181642 -0.018969571 0.413774967 21.637729645
0.359992325 0.040960521 -0.932055771 -5.758350372 0.004840574 0.998940289 0.045769464 -0.187682867 0.932942808 -0.020988343 0.359412551 21.807292938
0.306331694 0.039987694 -0.951084673 -6.284174442 0.008141262 0.998970687 0.044623230 -0.167064428 0.951890111 -0.021412542 0.305690825 21.949813843
0.252741694 0.045609359 -0.966458201 -6.846104145 0.009178859 0.998730302 0.049532749 -0.137300909 0.967490315 -0.021389974 0.252002120 22.062629700
0.201649845 0.050654791 -0.978146970 -7.436146736 0.011233455 0.998476505 0.054023419 -0.108629525 0.979393303 -0.021881791 0.200773597 22.147010803
0.153445840 0.051931772 -0.986791492 -8.030392647 0.016620714 0.998341143 0.055124111 -0.082115710 0.988017261 -0.024859743 0.152328134 22.219085693
0.109209597 0.053276591 -0.992590129 -8.644961357 0.019174555 0.998263955 0.055690818 -0.061231554 0.993833899 -0.025114451 0.107998431 22.260288239
0.068700790 0.051426042 -0.996311128 -9.287343979 0.018972045 0.998422563 0.052843258 -0.031371415 0.997457027 -0.022532435 0.067616761 22.275094986
0.033125818 0.047174342 -0.998337328 -9.913317680 0.016916111 0.998715878 0.047753528 0.000188410 0.999308109 -0.018469863 0.032285273 22.272010803
0.004790068 0.047023088 -0.998882353 -10.589655876 0.014386905 0.998787165 0.047087602 0.035022557 0.999885082 -0.014596379 0.004107714 22.248384476
-0.016074896 0.051410463 -0.998548210 -11.286492348 0.012940528 0.998604298 0.051205035 0.062983453 0.999787033 -0.012098628 -0.016717672 22.214624405
-0.029163241 0.057447881 -0.997922480 -11.995345116 0.015262745 0.998256326 0.057021059 0.092923403 0.999458134 -0.013568115 -0.029989243 22.191089630
-0.037106752 0.060139228 -0.997500062 -12.733415604 0.014826509 0.998110771 0.059624504 0.125146747 0.999201298 -0.012576966 -0.037928343 22.151613235
-0.041030169 0.057234041 -0.997517347 -13.498684883 0.015863493 0.998269498 0.056624699 0.159160376 0.999031961 -0.013500790 -0.041867137 22.119268417
-0.040079236 0.053304736 -0.997773767 -14.278469086 0.023190821 0.998356640 0.052404340 0.196882188 0.998927474 -0.021038868 -0.041249514 22.091707230
-0.036021113 0.051822353 -0.998006523 -15.088024139 0.035285149 0.998097837 0.050553553 0.240041792 0.998727918 -0.033393815 -0.037781119 22.080368042
-0.030259609 0.052031208 -0.998186886 -15.906250000 0.035476979 0.998070896 0.050949693 0.275321782 0.998912215 -0.033870939 -0.032047153 22.051662445
-0.025218964 0.050627138 -0.998399138 -16.762161255 0.033769894 0.998189926 0.049763519 0.306655407 0.999111354 -0.032460846 -0.026883006 22.027933121
-0.022185802 0.044111677 -0.998780251 -17.633663177 0.037479036 0.998360574 0.043260630 0.344672203 0.999051154 -0.036473550 -0.023802638 22.019475937
-0.019990444 0.033273350 -0.999246359 -18.515249252 0.035067279 0.998854458 0.032558758 0.377425879 0.999184966 -0.034389988 -0.021134377 21.994768143
-0.019271016 0.025159363 -0.999497712 -19.401683807 0.027439810 0.999320090 0.024625830 0.397325635 0.999437690 -0.026951462 -0.019948244 21.958040237
-0.020352840 0.021991786 -0.999550998 -20.343446732 0.021736264 0.999531507 0.021548765 0.427847207 0.999556601 -0.021287926 -0.020821333 21.921451569
-0.024005413 0.028370174 -0.999309182 -21.292039871 0.012614759 0.999526262 0.028073305 0.442700058 0.999632180 -0.011932134 -0.024351835 21.882148743
-0.028821945 0.036516774 -0.998917460 -22.256269455 0.007915375 0.999309480 0.036302727 0.467283905 0.999553323 -0.006860495 -0.029091120 21.829639435
-0.033281326 0.046009719 -0.998386621 -23.242856979 0.006439766 0.998928964 0.045820054 0.500947356 0.999425471 -0.004904429 -0.033542037 21.783847809
-0.035242081 0.055958860 -0.997810960 -24.269012451 0.004934743 0.998428702 0.055819213 0.539247394 0.999366641 -0.002956759 -0.035462737 21.758033752
-0.036036491 0.063750349 -0.997315168 -25.287403107 0.006798005 0.997955799 0.063545674 0.583351195 0.999327540 -0.004489796 -0.036396265 21.713975906
-0.037473559 0.064563215 -0.997209847 -26.313190460 0.007848586 0.997898936 0.064312890 0.636874259 0.999266863 -0.005416656 -0.037901640 21.670740128
-0.039154172 0.061633173 -0.997330785 -27.342741013 0.006814715 0.998089194 0.061412517 0.691225529 0.999210119 -0.004391979 -0.039499283 21.620651245
-0.042058468 0.056868810 -0.997495472 -28.333787918 0.006390717 0.998373687 0.056649424 0.735200346 0.999094784 -0.003992129 -0.042353511 21.576347351
-0.046513438 0.051761758 -0.997575819 -29.353500366 0.006443229 0.998651326 0.051517144 0.777210593 0.998897016 -0.004031376 -0.046784163 21.518211365
-0.051967263 0.047088351 -0.997538149 -30.377614975 0.005895345 0.998884797 0.046844803 0.816903710 0.998631537 -0.003446436 -0.052186966 21.452638626
-0.059069157 0.045073979 -0.997235775 -31.427997589 0.005529677 0.998979568 0.044825260 0.854395926 0.998238564 -0.002866603 -0.059258103 21.391111374
-0.065618992 0.047411822 -0.996717870 -32.474311829 0.005601641 0.998872340 0.047145527 0.894445479 0.997829139 -0.002489618 -0.065810561 21.313194275
-0.071707845 0.052300733 -0.996053636 -33.538677216 0.004271486 0.998631239 0.052128572 0.933580041 0.997416675 -0.000516607 -0.071833014 21.223117828
-0.077986360 0.055436961 -0.995412111 -34.608718872 0.001978107 0.998459399 0.055451706 0.973344624 0.996952653 0.002355430 -0.077975869 21.136108398
-0.082797408 0.057618510 -0.994899511 -35.678977966 -0.001339962 0.998319864 0.057928119 1.021620512 0.996565640 0.006129418 -0.082581162 21.036354065
-0.085195422 0.059102248 -0.994610012 -36.756023407 -0.005909945 0.998191595 0.059821315 1.068904161 0.996346891 0.010974585 -0.084692121 20.929691315
-0.086901546 0.059950758 -0.994411409 -37.830459595 -0.010493511 0.998077154 0.061088786 1.126910210 0.996161640 0.015743583 -0.086105347 20.822872162
-0.088148475 0.059447899 -0.994331837 -38.909938812 -0.011441574 0.998091280 0.060686972 1.178959012 0.996041596 0.016726185 -0.087300062 20.712356567
-0.089178205 0.058863524 -0.994274855 -39.985893250 -0.012346171 0.998110116 0.060197931 1.225884199 0.995939195 0.017643826 -0.088282943 20.598270416
-0.090551257 0.058033668 -0.994199634 -41.077407837 -0.012789591 0.998150587 0.059429169 1.273579240 0.995809853 0.018096777 -0.089641452 20.496925354
-0.091379642 0.056994211 -0.994183838 -42.168739319 -0.015179135 0.998165071 0.058617625 1.328776836 0.995700479 0.020447303 -0.090346813 20.387432098
-0.092221260 0.054886147 -0.994224787 -43.259666443 -0.019715495 0.998183310 0.056933429 1.370849967 0.995543420 0.024852101 -0.090971589 20.271503448
-0.092581272 0.049909633 -0.994453549 -44.340915680 -0.024540229 0.998325229 0.052388586 1.415235162 0.995402694 0.029254317 -0.091201425 20.160507202
-0.091542840 0.049017556 -0.994593978 -45.442569733 -0.026337001 0.998319209 0.051625215 1.468138218 0.995452821 0.030920541 -0.090098023 20.043975830
-0.089867592 0.053463627 -0.994517803 -46.557250977 -0.026720209 0.998069286 0.056069065 1.507515907 0.995595336 0.031612504 -0.088265419 19.939472198
-0.088295698 0.056766454 -0.994475603 -47.680435181 -0.026925918 0.997873962 0.059351090 1.549228191 0.995730460 0.032017600 -0.086579442 19.844219208
-0.086627007 0.056143757 -0.994657636 -48.784729004 -0.025118317 0.997970283 0.058518354 1.605891943 0.995924175 0.030053388 -0.085040927 19.740505219
-0.083818316 0.055107940 -0.994956195 -49.900680542 -0.025079686 0.998036683 0.057391357 1.658444405 0.996165514 0.029763626 -0.082271695 19.637180328
-0.080060959 0.055782195 -0.995227933 -51.058486938 -0.029124308 0.997875750 0.058273509 1.709655046 0.996364415 0.033650763 -0.078266263 19.538085938
-0.074088335 0.056584194 -0.995645165 -52.193496704 -0.034082152 0.997662067 0.059234958 1.762546539 0.996669173 0.038322348 -0.071986675 19.436862946
-0.068434358 0.055719182 -0.996098578 -53.321548462 -0.038336959 0.997554839 0.058434486 1.821273685 0.996918917 0.042186305 -0.066130877 19.351310730
-0.062647223 0.054880761 -0.996525705 -54.455543518 -0.039863873 0.997552574 0.057443380 1.879017115 0.997239292 0.043324038 -0.060306191 19.270866394
-0.057061553 0.054069374 -0.996905386 -55.589691162 -0.039375007 0.997633636 0.056362644 1.930884361 0.997593820 0.042469300 -0.054797530 19.203269958
-0.051395774 0.053488735 -0.997245073 -56.739021301 -0.038237382 0.997727036 0.055485260 1.990396738 0.997946203 0.040983733 -0.049233675 19.134574890
-0.046015859 0.054243527 -0.997467041 -57.879211426 -0.037273068 0.997736037 0.055977665 2.039011478 0.998245239 0.039754502 -0.043889880 19.081928253
-0.040395498 0.055879053 -0.997620225 -59.044929504 -0.036183067 0.997698307 0.057348549 2.086955786 0.998528600 0.038413569 -0.038280725 19.040271759
-0.034537911 0.057123914 -0.997769475 -60.212699890 -0.036998637 0.997607708 0.058395363 2.137279034 0.998718262 0.038932972 -0.032341838 18.986083984
-0.029644012 0.056200027 -0.997979462 -61.365371704 -0.036527928 0.997690320 0.057268776 2.188141823 0.998893023 0.038151793 -0.027522683 18.955322266
-0.024472356 0.051776972 -0.998358905 -62.525062561 -0.036601514 0.997941911 0.052652545 2.237997055 0.999030352 0.037829965 -0.022526860 18.918083191
-0.020015121 0.046680324 -0.998709381 -63.684806824 -0.036471274 0.998210490 0.047387924 2.270419121 0.999134302 0.037372675 -0.018276811 18.886337280
-0.016434908 0.046316728 -0.998791635 -64.843223572 -0.036332741 0.998239100 0.046888959 2.311332703 0.999204636 0.037059452 -0.014723182 18.864578247
-0.012329578 0.048247352 -0.998759270 -66.021896362 -0.035768215 0.998174727 0.048660669 2.357023478 0.999284029 0.036323812 -0.010581374 18.826362610
-0.010784388 0.048368167 -0.998771310 -67.203277588 -0.035754889 0.998172045 0.048725214 2.387755156 0.999302328 0.036236431 -0.009035349 18.818252563
-0.009653211 0.048065659 -0.998797536 -68.375320435 -0.037576377 0.998121142 0.048396278 2.434737682 0.999247134 0.037998375 -0.007828951 18.796928406
-0.008772850 0.049029265 -0.998758912 -69.546730042 -0.038762629 0.998029888 0.049333960 2.471585989 0.999210000 0.039147310 -0.006855130 18.778678894
-0.008041143 0.049150448 -0.998759151 -70.713211060 -0.038860772 0.998021424 0.049427018 2.506837368 0.999212384 0.039209984 -0.006115198 18.771240234
-0.006941319 0.046766534 -0.998881876 -71.887382507 -0.039156824 0.998126984 0.047003295 2.551377773 0.999209166 0.039439294 -0.005097151 18.755874634
-0.005789042 0.045208428 -0.998960853 -73.060630798 -0.037720080 0.998256743 0.045395151 2.593984604 0.999271631 0.037943669 -0.004073620 18.734962463
-0.005799770 0.045693599 -0.998938620 -74.266563416 -0.034172807 0.998362958 0.045865670 2.620027781 0.999399066 0.034402549 -0.004228830 18.735450745
-0.005387425 0.046072256 -0.998923719 -75.457191467 -0.032225236 0.998411238 0.046222422 2.663914204 0.999466240 0.032439563 -0.003894210 18.726127625
-0.005742908 0.049160220 -0.998774350 -76.653083801 -0.031290367 0.998292923 0.049316444 2.698509932 0.999493837 0.031535238 -0.004194856 18.724151611
-0.004555225 0.052801207 -0.998594820 -77.831069946 -0.033598296 0.998033106 0.052924771 2.740141869 0.999425232 0.033792149 -0.002772212 18.699554443
-0.004720211 0.052764088 -0.998595834 -79.028533936 -0.035831872 0.997956753 0.052899696 2.782881737 0.999346673 0.036031261 -0.002820015 18.697059631
-0.004451513 0.050663799 -0.998705924 -80.204055786 -0.036981173 0.998024225 0.050794054 2.825832844 0.999306083 0.037159424 -0.002569199 18.686729431
-0.003433108 0.048055176 -0.998838842 -81.385894775 -0.036777806 0.998162866 0.048149060 2.869224072 0.999317646 0.036900397 -0.001659393 18.662261963
-0.004332542 0.047634438 -0.998855531 -82.577972412 -0.033967648 0.998281360 0.047754392 2.909732819 0.999413610 0.034135662 -0.002707124 18.665420532
-0.004247904 0.048927840 -0.998793304 -83.752212524 -0.032773118 0.998258948 0.049041044 2.952069283 0.999453843 0.032941889 -0.002637029 18.659934998
-0.003947496 0.051500458 -0.998665214 -84.919654846 -0.031357594 0.998175442 0.051599149 2.992779016 0.999500513 0.031519424 -0.002325416 18.656974792
-0.003172398 0.054156989 -0.998527348 -86.109481812 -0.032619670 0.997995436 0.054231774 3.025001526 0.999462783 0.032743681 -0.001399517 18.636734009
-0.002929807 0.054389197 -0.998515606 -87.284065247 -0.034082729 0.997934222 0.054457534 3.068079233 0.999414802 0.034191679 -0.001070023 18.622718811
-0.003035665 0.052118734 -0.998636305 -88.449989319 -0.033327695 0.998080850 0.052191056 3.113213301 0.999439895 0.033440679 -0.001292944 18.618957520
-0.002531052 0.050932020 -0.998698950 -89.629135132 -0.032479323 0.998171031 0.050987408 3.150322914 0.999469221 0.032566115 -0.000872254 18.614036560
-0.002553940 0.052030139 -0.998642266 -90.791481018 -0.030834595 0.998166561 0.052084208 3.192049026 0.999521255 0.030925745 -0.000944853 18.607933044
-0.002308726 0.054653544 -0.998502731 -91.962387085 -0.028713869 0.998090029 0.054697346 3.239284754 0.999585032 0.028797153 -0.000734925 18.605957031
-0.002248883 0.057154972 -0.998362899 -93.114547729 -0.027162183 0.997993469 0.057195012 3.281966686 0.999628603 0.027246337 -0.000692010 18.599891663
-0.001947284 0.058923688 -0.998260617 -94.294189453 -0.027757704 0.997874618 0.058955051 3.331559181 0.999612808 0.027824217 -0.000307560 18.591468811
-0.001296401 0.060576003 -0.998162806 -95.471679688 -0.030273842 0.997703671 0.060587462 3.382297993 0.999540865 0.030296763 0.000540435 18.575599670
-0.000887632 0.060245633 -0.998183131 -96.597442627 -0.032585435 0.997651756 0.060242537 3.421870232 0.999468505 0.032579709 0.001077592 18.571472168
-0.000741243 0.055991605 -0.998430967 -97.749130249 -0.034930401 0.997820497 0.055983298 3.473289490 0.999389529 0.034917086 0.001216173 18.555488586
0.000202477 0.054202031 -0.998529971 -98.898468018 -0.036461312 0.997866452 0.054158621 3.520989418 0.999335051 0.036396749 0.002178311 18.538894653
-0.000392795 0.052968495 -0.998596251 -100.044586182 -0.036125608 0.997943580 0.052948091 3.554784060 0.999347329 0.036095683 0.001521528 18.541572571
-0.000427365 0.053482007 -0.998568833 -101.205284119 -0.034630407 0.997969091 0.053464711 3.599500179 0.999400198 0.034603685 0.001425564 18.543548584
-0.000623941 0.055594772 -0.998453319 -102.360237122 -0.035102129 0.997836888 0.055582386 3.644245625 0.999383628 0.035082508 0.001328886 18.541412354
-0.000524521 0.057622522 -0.998338282 -103.506896973 -0.033597965 0.997773767 0.057607587 3.684759617 0.999435306 0.033572350 0.001412630 18.535369873
-0.001029491 0.056269340 -0.998415172 -104.674171448 -0.037189763 0.997722805 0.056268670 3.738937378 0.999307752 0.037188746 0.001065433 18.523628235
-0.000790954 0.057714794 -0.998332858 -105.829360962 -0.041020256 0.997490942 0.057698622 3.785842657 0.999158025 0.040997505 0.001578510 18.508964539
-0.001250625 0.056985456 -0.998374283 -106.998085022 -0.044389922 0.997387707 0.056984749 3.837369442 0.999013543 0.044389013 0.001282275 18.494224548
-0.001553535 0.052995596 -0.998593569 -108.148796082 -0.045507643 0.997556448 0.053011350 3.885901928 0.998962820 0.045525990 0.000862002 18.485343933
-0.001731038 0.049061380 -0.998794317 -109.345550537 -0.045341935 0.997764647 0.049089387 3.935374022 0.998970091 0.045372240 0.000497401 18.469833374
-0.002658248 0.048237864 -0.998832345 -110.537521362 -0.042105746 0.997944653 0.048307046 3.979287863 0.999109626 0.042184986 -0.000621676 18.461898804
-0.003152609 0.047743481 -0.998854756 -111.706703186 -0.037962738 0.998133898 0.047828842 4.013846397 0.999274313 0.038070034 -0.001334190 18.465965271
-0.003404498 0.049373906 -0.998774648 -112.919654846 -0.037632734 0.998066545 0.049467172 4.063113689 0.999285936 0.037755016 -0.001539826 18.448463440
-0.004449010 0.053305909 -0.998568356 -114.143936157 -0.035759028 0.997931063 0.053431217 4.107194901 0.999350548 0.035945553 -0.002533674 18.445571899
-0.005158305 0.053281542 -0.998566329 -115.365982056 -0.034603827 0.997971952 0.053428579 4.161998749 0.999387920 0.034829807 -0.003304124 18.438995361
-0.006075144 0.049257357 -0.998767734 -116.581672668 -0.034797087 0.998170793 0.049439576 4.206921101 0.999375999 0.035054553 -0.004350066 18.428886414
-0.007053971 0.045626722 -0.998933673 -117.832466125 -0.034770142 0.998343229 0.045845285 4.246702194 0.999370456 0.035056457 -0.005455852 18.416725159
-0.007125616 0.043815549 -0.999014199 -119.049934387 -0.034376923 0.998438358 0.044035491 4.296002865 0.999383509 0.034656819 -0.005608320 18.401039124
-0.008223176 0.045249142 -0.998941898 -120.295631409 -0.036571886 0.998293698 0.045520838 4.337642193 0.999297202 0.036907513 -0.006554365 18.385848999
-0.008617282 0.049880736 -0.998718143 -121.561920166 -0.041016854 0.997896910 0.050193634 4.380328178 0.999121428 0.041396800 -0.006553292 18.363380432
-0.008346319 0.053057309 -0.998556733 -122.824966431 -0.046787355 0.997476995 0.053391002 4.427142143 0.998870134 0.047165424 -0.005842805 18.332374573
-0.008561254 0.052709799 -0.998573244 -124.086624146 -0.053931173 0.997132003 0.053096104 4.479734421 0.998508036 0.054308791 -0.005694032 18.305641174
-0.007851124 0.050472300 -0.998694658 -125.341705322 -0.057214655 0.997066617 0.050839812 4.531998634 0.998331070 0.057539120 -0.004940391 18.275619507
-0.008460045 0.049393546 -0.998743653 -126.623519897 -0.059795342 0.996967018 0.049812187 4.576663017 0.998174906 0.060141619 -0.005480886 18.255081177
-0.009186983 0.048427183 -0.998784661 -127.882720947 -0.059796918 0.997012496 0.048891284 4.620877266 0.998168468 0.060173392 -0.006263733 18.236495972
-0.009525895 0.048194159 -0.998792529 -129.140670776 -0.057455555 0.997161329 0.048663422 4.658755779 0.998302579 0.057849742 -0.006729841 18.223587036
-0.010179520 0.048783872 -0.998757482 -130.394622803 -0.057968486 0.997100711 0.049293771 4.699214458 0.998266518 0.058398247 -0.007322073 18.209716797
-0.010550857 0.053741634 -0.998499155 -131.661514282 -0.057502992 0.996869624 0.054261543 4.747429848 0.998289585 0.057989188 -0.007427454 18.186767578
-0.010940313 0.057805002 -0.998268008 -132.923583984 -0.056658603 0.996687949 0.058334444 4.797272205 0.998333752 0.057198655 -0.007628918 18.164443970
-0.011373162 0.056878302 -0.998316407 -134.174652100 -0.056978609 0.996721864 0.057436571 4.842755795 0.998310685 0.057535909 -0.008095026 18.146011353
-0.010174394 0.055059407 -0.998431265 -135.443908691 -0.056615274 0.996849537 0.055549111 4.896858215 0.998344243 0.057091635 -0.007025123 18.129577637
-0.008978724 0.054446284 -0.998476326 -136.694152832 -0.055715661 0.996938169 0.054863431 4.946572304 0.998406291 0.056123376 -0.005917668 18.110015869
-0.007894754 0.054025762 -0.998508394 -137.947952271 -0.055909105 0.996953666 0.054383688 4.987474442 0.998404741 0.056255050 -0.004850149 18.091964722
-0.007222533 0.056028072 -0.998403013 -139.211456299 -0.055870026 0.996846914 0.056344915 5.035526276 0.998411894 0.056187760 -0.004069448 18.084350586
-0.006480217 0.059607379 -0.998200893 -140.465774536 -0.056889027 0.996583164 0.059880089 5.088984489 0.998359501 0.057174709 -0.003067017 18.071853638
-0.005318999 0.060117111 -0.998177171 -141.712814331 -0.058580194 0.996458292 0.060325742 5.149420738 0.998268545 0.058794275 -0.001778483 18.057754517
-0.003745437 0.057833754 -0.998319268 -142.983474731 -0.060423207 0.996488988 0.057954419 5.194513321 0.998165846 0.060538713 -0.000237823 18.034042358
-0.003991485 0.055137135 -0.998470962 -144.222061157 -0.058993716 0.996726751 0.055276651 5.240601540 0.998250544 0.059124131 -0.000725627 18.029739380
-0.004078388 0.053510897 -0.998558998 -145.462692261 -0.055898875 0.996993721 0.053655319 5.283224106 0.998428166 0.056037143 -0.001074910 18.034790039
-0.004259706 0.052649915 -0.998603880 -146.706344604 -0.054587364 0.997111797 0.052804094 5.332881451 0.998499811 0.054736089 -0.001373410 18.026199341
-0.004471183 0.053146344 -0.998576820 -147.953384399 -0.052271742 0.997209072 0.053307600 5.373859406 0.998623013 0.052435689 -0.001680732 18.021621704
-0.004837036 0.051661719 -0.998653114 -149.183593750 -0.050462887 0.997379601 0.051840264 5.420598030 0.998714387 0.050645661 -0.002217412 18.014617920
-0.004253983 0.051578112 -0.998659968 -150.424804688 -0.049405772 0.997438490 0.051725481 5.469768524 0.998769760 0.049559597 -0.001694798 17.994857788
-0.004704475 0.054132614 -0.998522758 -151.662658691 -0.047346689 0.997401774 0.054294914 5.519906998 0.998867512 0.047532164 -0.002129197 17.989593506
-0.004826784 0.055708624 -0.998435497 -152.895263672 -0.044506926 0.997445643 0.055868555 5.558395386 0.998997509 0.044706952 -0.002335072 17.983169556
-0.004494429 0.054500740 -0.998503685 -154.138641357 -0.042310882 0.997609138 0.054642364 5.603487015 0.999094427 0.042493157 -0.002177715 17.970275879
-0.005508780 0.054901361 -0.998476744 -155.355377197 -0.043967750 0.997512817 0.055090941 5.653889179 0.999017954 0.044204243 -0.003081203 17.955657959
-0.005194306 0.059401743 -0.998220801 -156.613433838 -0.044182375 0.997245669 0.059573621 5.706315041 0.999010086 0.044413187 -0.002555490 17.949020386
-0.004703283 0.066177040 -0.997796893 -157.849090576 -0.049018789 0.996593058 0.066328257 5.759630203 0.998786867 0.049222749 -0.001443386 17.933990479
-0.003696561 0.066340223 -0.997790217 -159.067230225 -0.054122735 0.996321261 0.066443063 5.815347672 0.998527467 0.054248743 -0.000092387 17.913436890
-0.001951218 0.062348511 -0.998052657 -160.307968140 -0.058187254 0.996356308 0.062356304 5.875139236 0.998303890 0.058195602 0.001683712 17.893051147
-0.000519037 0.057210665 -0.998362064 -161.536483765 -0.059758205 0.996576190 0.057139393 5.924561501 0.998212814 0.059689973 0.002901554 17.886367798
0.000258327 0.055691443 -0.998448133 -162.767181396 -0.062505327 0.996496618 0.055566415 5.970191002 0.998044729 0.062393956 0.003738463 17.886871338
0.001544595 0.052474257 -0.998621106 -163.985717773 -0.057465374 0.996976733 0.052298963 6.015873909 0.998346329 0.057305351 0.004555404 17.884170532
0.002380848 0.047601718 -0.998863697 -165.223571777 -0.054075249 0.997411013 0.047403604 6.067392349 0.998534143 0.053900927 0.004948735 17.874618530
0.001398444 0.044631269 -0.999002576 -166.424713135 -0.047093503 0.997898042 0.044515997 6.090271473 0.998889565 0.046984270 0.003497303 17.888427734
-0.000186920 0.047737051 -0.998859942 -167.648056030 -0.044506222 0.997869790 0.047698058 6.126938820 0.999009073 0.044464394 0.001938105 17.893493652
0.001119196 0.054085586 -0.998535633 -168.911285400 -0.045455903 0.997506917 0.053978916 6.172174454 0.998965681 0.045328926 0.003574967 17.885848999
0.002540469 0.057416912 -0.998347104 -170.105285645 -0.046817917 0.997262359 0.057235390 6.213722229 0.998900294 0.046595126 0.005221605 17.885894775
0.004087508 0.053841095 -0.998541236 -171.314300537 -0.047766887 0.997420132 0.053585116 6.264713764 0.998850226 0.047478173 0.006648779 17.884841919
0.004753411 0.054036446 -0.998527646 -172.521408081 -0.050015651 0.997301996 0.053732023 6.312826157 0.998737097 0.049686603 0.007443249 17.881439209
0.006196201 0.055180620 -0.998457313 -173.745193481 -0.048697054 0.997308314 0.054814920 6.357142448 0.998794496 0.048282273 0.008866668 17.879501343
0.006612360 0.052973479 -0.998574197 -174.942123413 -0.048648912 0.997430444 0.052590661 6.406037331 0.998794258 0.048231781 0.009172499 17.885360718
0.008557260 0.051575422 -0.998632491 -176.135742188 -0.048946179 0.997493505 0.051097181 6.445279121 0.998764813 0.048441987 0.011060238 17.886886597
0.009884477 0.053405181 -0.998524129 -177.289855957 -0.049873676 0.997356296 0.052849017 6.483008385 0.998706698 0.049277671 0.012521863 17.898071289
0.011446059 0.055449534 -0.998395920 -178.425231934 -0.049917832 0.997248054 0.054813500 6.515135765 0.998687804 0.049210358 0.014182508 17.904281616
0.011897802 0.056901921 -0.998309016 -179.521942139 -0.050859828 0.997121692 0.056228101 6.550065994 0.998635054 0.050104819 0.014757574 17.913955688
0.012178719 0.058459554 -0.998215497 -180.608947754 -0.051115084 0.997020721 0.057765957 6.576766491 0.998618543 0.050320353 0.015130579 17.917007446
0.012022853 0.059331071 -0.998166025 -181.658401489 -0.050524406 0.996999025 0.058653146 6.616180897 0.998650551 0.049726561 0.014984429 17.925384521
0.012637079 0.058399379 -0.998213291 -182.680603027 -0.050950106 0.997033834 0.057685364 6.651027203 0.998621225 0.050130103 0.015575051 17.931579590
0.013982713 0.058432601 -0.998193502 -183.662078857 -0.051968303 0.996984243 0.057633843 6.683391571 0.998550892 0.051068533 0.016977191 17.942031860
0.015344143 0.059160385 -0.998130560 -184.620513916 -0.052477952 0.996919870 0.058281884 6.716423035 0.998504221 0.051485561 0.018401504 17.957290649
0.014571190 0.057603881 -0.998233259 -185.552337646 -0.051185854 0.997073174 0.056789778 6.744930267 0.998582900 0.050267920 0.017477036 17.969726562
0.011527896 0.054617301 -0.998440981 -186.495056152 -0.048811369 0.997347534 0.053993918 6.775401115 0.998741627 0.048112817 0.014163315 17.975082397
0.006635964 0.050966442 -0.998678327 -187.415786743 -0.048876196 0.997523189 0.050582714 6.805830002 0.998782814 0.048475929 0.009110630 17.976455688
0.001672387 0.047878414 -0.998851776 -188.365203857 -0.050081786 0.997603714 0.047734741 6.840188980 0.998743713 0.049944449 0.004066229 17.969711304
-0.002097726 0.046931293 -0.998896003 -189.292312622 -0.052567389 0.997511864 0.046976652 6.875633717 0.998615265 0.052607890 0.000374615 17.959518433
-0.004730105 0.047715466 -0.998849869 -190.217376709 -0.054061059 0.997388005 0.047901645 6.900883675 0.998526514 0.054225452 -0.002138138 17.943878174
-0.006859064 0.049654443 -0.998743057 -191.154022217 -0.052630864 0.997364163 0.049947336 6.926548958 0.998590648 0.052907281 -0.004227638 17.940048218
-0.008376479 0.050975595 -0.998664916 -192.080200195 -0.049844380 0.997437060 0.051330999 6.961731911 0.998722017 0.050207794 -0.005814195 17.930847168
-0.010081887 0.051319599 -0.998631537 -193.006347656 -0.048031144 0.997504532 0.051746592 6.991128922 0.998795092 0.048487104 -0.007591844 17.923568726
-0.010394692 0.050272916 -0.998681486 -193.911499023 -0.048472933 0.997535884 0.050719768 7.016654968 0.998770475 0.048936225 -0.007932186 17.897705078
-0.011210203 0.049690772 -0.998701930 -194.834136963 -0.050176214 0.997478306 0.050193105 7.038165092 0.998677671 0.050673734 -0.008688569 17.883560181
-0.011218309 0.048944138 -0.998738527 -195.735931396 -0.053767383 0.997326851 0.049478903 7.071291924 0.998490512 0.054254629 -0.008556724 17.863494873
-0.010870099 0.046918880 -0.998839676 -196.652862549 -0.056784075 0.997257650 0.047462534 7.104407310 0.998327434 0.057234097 -0.008175969 17.853012085
-0.009915471 0.044242062 -0.998971760 -197.572067261 -0.056626584 0.997392714 0.044734187 7.131834984 0.998346329 0.057011910 -0.007384300 17.842102051
-0.008928061 0.042511828 -0.999056220 -198.483627319 -0.055885427 0.997513175 0.042945590 7.147502899 0.998397410 0.056216095 -0.006530166 17.820068359
-0.007627368 0.041634798 -0.999103785 -199.410415649 -0.056204878 0.997535527 0.041998524 7.182635307 0.998390138 0.056474838 -0.005268455 17.799865723
-0.007846475 0.044352267 -0.998985231 -200.344329834 -0.053711884 0.997555017 0.044710651 7.209033012 0.998525739 0.054008193 -0.005445123 17.801284790
-0.007804751 0.045618840 -0.998928547 -201.283538818 -0.052784007 0.997547388 0.045968171 7.235609055 0.998575568 0.053086210 -0.005377650 17.789062500
-0.007110596 0.041781604 -0.999101460 -202.214004517 -0.047999442 0.997960746 0.042075507 7.263838768 0.998822093 0.048255488 -0.005090594 17.784606934
-0.006003141 0.038773999 -0.999229968 -203.149734497 -0.046269465 0.998166978 0.039010722 7.293711185 0.998910964 0.046468023 -0.004198074 17.769073486
-0.005615473 0.039058361 -0.999221146 -204.090713501 -0.050745312 0.997938335 0.039293401 7.325634480 0.998695850 0.050926439 -0.003621817 17.752456665
-0.004251361 0.043218721 -0.999056756 -205.042602539 -0.051872313 0.997711062 0.043381248 7.349915504 0.998644829 0.052007806 -0.001999855 17.741088867
-0.002285361 0.042714979 -0.999084711 -205.995758057 -0.049498118 0.997857809 0.042775743 7.380784035 0.998771608 0.049550563 -0.000166059 17.737014771
0.000059426 0.043783791 -0.999041140 -206.986907959 -0.048150197 0.997882366 0.043730143 7.419351578 0.998840213 0.048101414 0.002167523 17.738876343
0.001576185 0.048210509 -0.998836100 -207.965576172 -0.049185105 0.997632027 0.048074778 7.457406521 0.998788536 0.049052071 0.003943682 17.736145020
0.002996922 0.052005209 -0.998642385 -208.957015991 -0.046707105 0.997564197 0.051808890 7.496268272 0.998904228 0.046488415 0.005418658 17.735580444
0.004812956 0.053225055 -0.998570919 -209.958892822 -0.046117865 0.997531831 0.052947391 7.526859283 0.998924375 0.045797128 0.007255733 17.747344971
0.007458568 0.054067012 -0.998509467 -210.968368530 -0.049662627 0.997325063 0.053631913 7.569764137 0.998738229 0.049188580 0.010123730 17.737762451
0.009873509 0.055805992 -0.998392940 -211.988159180 -0.052258693 0.997105837 0.055217244 7.610434532 0.998584926 0.051629514 0.012761295 17.741210938
0.013186753 0.056413237 -0.998320460 -213.006622314 -0.054131303 0.996983409 0.055622667 7.652297020 0.998446763 0.053306900 0.016200721 17.754791260
0.016165972 0.053781964 -0.998421967 -214.034286499 -0.056958616 0.996980309 0.052782062 7.696303844 0.998245776 0.056015443 0.019180536 17.762542725
